<?xml version="1.0" encoding="utf-8"?>
<COLLADA xmlns="http://www.collada.org/2005/11/COLLADASchema" version="1.4.1">
  <asset>
    <contributor>
      <author>Mixamo</author>
      <authoring_tool>COLLADA Mixamo exporter</authoring_tool>
      <comments/>
    </contributor>
    <created>2023-08-20T06:28:17Z</created>
    <modified>2023-08-20T06:28:17Z</modified>
    <revision/>
    <title/>
    <unit meter="0.010000"/>
    <up_axis>Y_UP</up_axis>
  </asset>
  <library_animations>
    <animation id="mixamorig1_Hips-anim" name="mixamorig1_Hips">
      <source id="mixamorig1_Hips-Matrix-animation-input">
        <float_array id="mixamorig1_Hips-Matrix-animation-input-array" count="91">

0.000000 0.033333 0.066667 0.100000 0.133333 0.166667 0.200000 0.233333 0.266667 0.300000 0.333333 0.366667 0.400000 0.433333 0.466667 0.500000
0.533333 0.566667 0.600000 0.633333 0.666667 0.700000 0.733333 0.766667 0.800000 0.833333 0.866667 0.900000 0.933333 0.966667 1.000000 1.033333
1.066667 1.100000 1.133333 1.166667 1.200000 1.233333 1.266667 1.300000 1.333333 1.366667 1.400000 1.433333 1.466667 1.500000 1.533333 1.566667
1.600000 1.633333 1.666667 1.700000 1.733333 1.766667 1.800000 1.833333 1.866667 1.900000 1.933333 1.966667 2.000000 2.033333 2.066667 2.100000
2.133333 2.166667 2.200000 2.233333 2.266667 2.300000 2.333333 2.366667 2.400000 2.433333 2.466667 2.500000 2.533333 2.566667 2.600000 2.633333
2.666667 2.700000 2.733333 2.766667 2.800000 2.833333 2.866667 2.900000 2.933333 2.966667 3.000000</float_array>
        <technique_common>
          <accessor source="#mixamorig1_Hips-Matrix-animation-input-array" count="91">
            <param name="TIME" type="float"/>
          </accessor>
        </technique_common>
      </source>
      <source id="mixamorig1_Hips-Matrix-animation-output-transform">
        <float_array id="mixamorig1_Hips-Matrix-animation-output-transform-array" count="1456">

0.994633 0.099757 0.027444 0.674515 -0.100208 0.994844 0.015593 94.335098 -0.025747 -0.018259 0.999502 0.019761 0.000000 0.000000 0.000000 1.000000
0.994566 0.099374 0.031022 0.717576 -0.099943 0.994842 0.017336 94.327911 -0.029139 -0.020342 0.999368 0.019057 0.000000 0.000000 0.000000 1.000000
0.994470 0.098907 0.035322 0.769837 -0.099629 0.994837 0.019298 94.321510 -0.033231 -0.022710 0.999190 0.017190 0.000000 0.000000 0.000000 1.000000
0.994337 0.098527 0.039825 0.830197 -0.099430 0.994815 0.021356 94.316544 -0.037514 -0.025195 0.998978 0.008890 0.000000 0.000000 0.000000 1.000000
0.994168 0.098484 0.043941 0.896347 -0.099569 0.994760 0.023217 94.312050 -0.041424 -0.027457 0.998764 -0.014416 0.000000 0.000000 0.000000 1.000000
0.993959 0.098964 0.047452 0.966628 -0.100201 0.994667 0.024451 94.306190 -0.044779 -0.029058 0.998574 -0.060155 0.000000 0.000000 0.000000 1.000000
0.993711 0.099923 0.050539 1.040033 -0.101261 0.994555 0.024630 94.300095 -0.047803 -0.029593 0.998418 -0.129314 0.000000 0.000000 0.000000 1.000000
0.993456 0.101071 0.053203 1.113014 -0.102431 0.994463 0.023475 94.299095 -0.050536 -0.028771 0.998308 -0.214923 0.000000 0.000000 0.000000 1.000000
0.993262 0.102032 0.054946 1.178857 -0.103310 0.994429 0.020946 94.308777 -0.052503 -0.026482 0.998270 -0.304464 0.000000 0.000000 0.000000 1.000000
0.993189 0.102544 0.055314 1.232569 -0.103637 0.994465 0.017262 94.330093 -0.053238 -0.022877 0.998320 -0.384270 0.000000 0.000000 0.000000 1.000000
0.993221 0.102571 0.054700 1.275997 -0.103415 0.994556 0.012824 94.358665 -0.053087 -0.018394 0.998420 -0.444679 0.000000 0.000000 0.000000 1.000000
0.993272 0.102275 0.054319 1.316479 -0.102860 0.994663 0.008075 94.388245 -0.053204 -0.013608 0.998491 -0.483356 0.000000 0.000000 0.000000 1.000000
0.993265 0.101883 0.055182 1.360493 -0.102222 0.994756 0.003352 94.413750 -0.054551 -0.008970 0.998471 -0.504378 0.000000 0.000000 0.000000 1.000000
0.993192 0.101538 0.057099 1.409379 -0.101638 0.994821 -0.001154 94.432846 -0.056921 -0.004657 0.998368 -0.514636 0.000000 0.000000 0.000000 1.000000
0.993132 0.101199 0.058725 1.459522 -0.101062 0.994866 -0.005301 94.446014 -0.058960 -0.000670 0.998260 -0.521592 0.000000 0.000000 0.000000 1.000000
0.993199 0.100685 0.058465 1.504281 -0.100336 0.994914 -0.008876 94.455482 -0.059061 0.002950 0.998250 -0.533963 0.000000 0.000000 0.000000 1.000000
0.993469 0.099852 0.055220 1.536185 -0.099362 0.994984 -0.011563 94.463387 -0.056098 0.006000 0.998407 -0.562835 0.000000 0.000000 0.000000 1.000000
0.993932 0.098758 0.048440 1.550629 -0.098235 0.995077 -0.013066 94.470657 -0.049491 0.008229 0.998741 -0.619822 0.000000 0.000000 0.000000 1.000000
0.994494 0.097667 0.037983 1.548963 -0.097222 0.995173 -0.013381 94.476471 -0.039107 0.009614 0.999189 -0.712672 0.000000 0.000000 0.000000 1.000000
0.994999 0.096857 0.024421 1.536111 -0.096560 0.995242 -0.013044 94.478928 -0.025568 0.010621 0.999617 -0.842136 0.000000 0.000000 0.000000 1.000000
0.995300 0.096391 0.009343 1.512776 -0.096265 0.995269 -0.013107 94.476501 -0.010562 0.012146 0.999870 -1.002131 0.000000 0.000000 0.000000 1.000000
0.995359 0.096088 -0.005205 1.471147 -0.096155 0.995258 -0.014654 94.470291 0.003773 0.015086 0.999879 -1.182169 0.000000 0.000000 0.000000 1.000000
0.995238 0.095793 -0.018036 1.401041 -0.096118 0.995205 -0.018130 94.463516 0.016213 0.019777 0.999673 -1.370853 0.000000 0.000000 0.000000 1.000000
0.994972 0.095666 -0.029629 1.299639 -0.096363 0.995080 -0.023040 94.458511 0.027279 0.025780 0.999295 -1.559467 0.000000 0.000000 0.000000 1.000000
0.994500 0.096141 -0.041561 1.173161 -0.097357 0.994847 -0.028311 94.453888 0.038625 0.032202 0.998735 -1.742897 0.000000 0.000000 0.000000 1.000000
0.993701 0.097556 -0.055144 1.030595 -0.099465 0.994494 -0.033001 94.445442 0.051621 0.038278 0.997933 -1.917215 0.000000 0.000000 0.000000 1.000000
0.992504 0.099833 -0.070496 0.878616 -0.102599 0.994043 -0.036759 94.429207 0.066406 0.043716 0.996835 -2.078522 0.000000 0.000000 0.000000 1.000000
0.990956 0.102486 -0.086619 0.721486 -0.106226 0.993548 -0.039721 94.403610 0.081989 0.048563 0.995449 -2.225718 0.000000 0.000000 0.000000 1.000000
0.989223 0.104932 -0.102115 0.562679 -0.109686 0.993075 -0.042087 94.369858 0.096991 0.052834 0.993882 -2.362121 0.000000 0.000000 0.000000 1.000000
0.987514 0.106808 -0.115795 0.406166 -0.112505 0.992684 -0.043820 94.331726 0.110267 0.056300 0.992306 -2.491302 0.000000 0.000000 0.000000 1.000000
0.986016 0.108075 -0.126855 0.257079 -0.114523 0.992416 -0.044663 94.294136 0.121066 0.058566 0.990915 -2.611275 0.000000 0.000000 0.000000 1.000000
0.984865 0.108946 -0.134801 0.121418 -0.115839 0.992277 -0.044367 94.261276 0.128926 0.059310 0.989879 -2.714510 0.000000 0.000000 0.000000 1.000000
0.984133 0.109734 -0.139427 0.004528 -0.116710 0.992241 -0.042860 94.235382 0.133642 0.058452 0.989304 -2.794274 0.000000 0.000000 0.000000 1.000000
0.983816 0.110727 -0.140872 -0.091119 -0.117441 0.992264 -0.040253 94.216347 0.135325 0.056145 0.989209 -2.850553 0.000000 0.000000 0.000000 1.000000
0.983847 0.112090 -0.139572 -0.167477 -0.118265 0.992302 -0.036740 94.201027 0.134379 0.052653 0.989530 -2.889906 0.000000 0.000000 0.000000 1.000000
0.984137 0.113806 -0.136097 -0.229442 -0.119254 0.992330 -0.032548 94.184258 0.131348 0.048262 0.990161 -2.919255 0.000000 0.000000 0.000000 1.000000
0.984610 0.115669 -0.131012 -0.281107 -0.120300 0.992343 -0.027979 94.163971 0.126773 0.043309 0.990986 -2.939034 0.000000 0.000000 0.000000 1.000000
0.985214 0.117359 -0.124820 -0.323352 -0.121176 0.992355 -0.023410 94.144226 0.121118 0.038189 0.991903 -2.941817 0.000000 0.000000 0.000000 1.000000
0.985933 0.118549 -0.117826 -0.355849 -0.121615 0.992392 -0.019160 94.132874 0.114658 0.033220 0.992849 -2.918977 0.000000 0.000000 0.000000 1.000000
0.986782 0.119006 -0.109997 -0.379085 -0.121403 0.992485 -0.015329 94.134453 0.107347 0.028481 0.993814 -2.867941 0.000000 0.000000 0.000000 1.000000
0.987768 0.118709 -0.101106 -0.392153 -0.120507 0.992642 -0.011847 94.147179 0.098956 0.023886 0.994805 -2.791084 0.000000 0.000000 0.000000 1.000000
0.988827 0.117906 -0.091209 -0.389602 -0.119183 0.992835 -0.008665 94.166458 0.089534 0.019439 0.995794 -2.688604 0.000000 0.000000 0.000000 1.000000
0.989835 0.117061 -0.080770 -0.364109 -0.117911 0.993007 -0.005821 94.188995 0.079523 0.015286 0.996716 -2.556686 0.000000 0.000000 0.000000 1.000000
0.990717 0.116612 -0.069864 -0.315560 -0.117124 0.993112 -0.003251 94.213272 0.069003 0.011403 0.997551 -2.394641 0.000000 0.000000 0.000000 1.000000
0.991516 0.116701 -0.057243 -0.257379 -0.116929 0.993140 -0.000636 94.238144 0.056776 0.007324 0.998360 -2.211931 0.000000 0.000000 0.000000 1.000000
0.992279 0.117140 -0.040755 -0.209635 -0.117139 0.993113 0.002423 94.261528 0.040758 0.002370 0.999166 -2.025689 0.000000 0.000000 0.000000 1.000000
0.992864 0.117696 -0.019186 -0.182415 -0.117599 0.993042 0.006086 94.280701 0.019769 -0.003786 0.999797 -1.850974 0.000000 0.000000 0.000000 1.000000
0.992954 0.118328 0.006347 -0.167521 -0.118388 0.992915 0.010191 94.293640 -0.005096 -0.010871 0.999928 -1.694171 0.000000 0.000000 0.000000 1.000000
0.992334 0.119084 0.033044 -0.150266 -0.119610 0.992716 0.014446 94.299896 -0.031083 -0.018288 0.999349 -1.555337 0.000000 0.000000 0.000000 1.000000
0.991087 0.119807 0.058245 -0.125748 -0.121066 0.992470 0.018592 94.299835 -0.055579 -0.025478 0.998129 -1.434125 0.000000 0.000000 0.000000 1.000000
0.989506 0.120070 0.080377 -0.099859 -0.122221 0.992250 0.022385 94.292435 -0.077067 -0.031974 0.996513 -1.331271 0.000000 0.000000 0.000000 1.000000
0.987940 0.119463 0.098503 -0.079616 -0.122520 0.992137 0.025570 94.277359 -0.094674 -0.037330 0.994808 -1.245165 0.000000 0.000000 0.000000 1.000000
0.986728 0.117881 0.111678 -0.067166 -0.121695 0.992174 0.027952 94.258286 -0.107509 -0.041171 0.993351 -1.169944 0.000000 0.000000 0.000000 1.000000
0.986135 0.115522 0.119129 -0.060742 -0.119809 0.992360 0.029457 94.242378 -0.114816 -0.043321 0.992442 -1.099093 0.000000 0.000000 0.000000 1.000000
0.986257 0.112668 0.120840 -0.057806 -0.117089 0.992665 0.030110 94.232941 -0.116562 -0.043845 0.992215 -1.030531 0.000000 0.000000 0.000000 1.000000
0.986995 0.109470 0.117719 -0.057194 -0.113721 0.993059 0.030009 94.224930 -0.113617 -0.043005 0.992593 -0.967061 0.000000 0.000000 0.000000 1.000000
0.988149 0.105864 0.111153 -0.059967 -0.109744 0.993526 0.029366 94.209969 -0.107325 -0.041217 0.993369 -0.912018 0.000000 0.000000 0.000000 1.000000
0.989533 0.101623 0.102454 -0.069296 -0.105039 0.994059 0.028505 94.186234 -0.098948 -0.038968 0.994329 -0.865059 0.000000 0.000000 0.000000 1.000000
0.991009 0.096521 0.092654 -0.088604 -0.099465 0.994656 0.027687 94.162193 -0.089486 -0.036654 0.995313 -0.820842 0.000000 0.000000 0.000000 1.000000
0.992453 0.090583 0.082652 -0.118528 -0.093083 0.995295 0.026904 94.151146 -0.079826 -0.034394 0.996215 -0.769788 0.000000 0.000000 0.000000 1.000000
0.993738 0.084287 0.073349 -0.154379 -0.086380 0.995927 0.025848 94.162598 -0.070871 -0.032022 0.996971 -0.701174 0.000000 0.000000 0.000000 1.000000
0.994756 0.078538 0.065522 -0.186347 -0.080269 0.996479 0.024210 94.196274 -0.063389 -0.029343 0.997557 -0.609327 0.000000 0.000000 0.000000 1.000000
0.995455 0.074308 0.059562 -0.203617 -0.075736 0.996884 0.022074 94.240555 -0.057736 -0.026484 0.997981 -0.499054 0.000000 0.000000 0.000000 1.000000
0.995861 0.072092 0.055351 -0.200221 -0.073295 0.997110 0.020008 94.278130 -0.053749 -0.023982 0.998266 -0.383654 0.000000 0.000000 0.000000 1.000000
0.996052 0.071629 0.052441 -0.177876 -0.072692 0.997180 0.018657 94.297501 -0.050957 -0.022396 0.998450 -0.275290 0.000000 0.000000 0.000000 1.000000
0.996115 0.072169 0.050464 -0.143464 -0.073166 0.997154 0.018175 94.300804 -0.049009 -0.021797 0.998560 -0.176357 0.000000 0.000000 0.000000 1.000000
0.996098 0.073097 0.049460 -0.103145 -0.074069 0.997089 0.018114 94.299507 -0.047992 -0.021707 0.998612 -0.080293 0.000000 0.000000 0.000000 1.000000
0.995989 0.074329 0.049810 -0.057974 -0.075299 0.997000 0.017892 94.302818 -0.048330 -0.021571 0.998598 0.019361 0.000000 0.000000 0.000000 1.000000
0.995752 0.076152 0.051751 -0.005087 -0.077136 0.996871 0.017285 94.312119 -0.050273 -0.021203 0.998510 0.121120 0.000000 0.000000 0.000000 1.000000
0.995387 0.078713 0.054850 0.056879 -0.079721 0.996682 0.016438 94.325485 -0.053374 -0.020735 0.998359 0.216645 0.000000 0.000000 0.000000 1.000000
0.994972 0.081688 0.057951 0.123867 -0.082716 0.996451 0.015575 94.342789 -0.056473 -0.020290 0.998198 0.298211 0.000000 0.000000 0.000000 1.000000
0.994634 0.084468 0.059734 0.188504 -0.085494 0.996228 0.014822 94.363647 -0.058257 -0.019850 0.998104 0.363549 0.000000 0.000000 0.000000 1.000000
0.994464 0.086641 0.059448 0.245842 -0.087631 0.996051 0.014253 94.382980 -0.057979 -0.019383 0.998130 0.414130 0.000000 0.000000 0.000000 1.000000
0.994450 0.088272 0.057245 0.296738 -0.089204 0.995916 0.013922 94.393097 -0.055783 -0.018952 0.998263 0.451719 0.000000 0.000000 0.000000 1.000000
0.994506 0.089752 0.053871 0.345703 -0.090616 0.995790 0.013819 94.390144 -0.052404 -0.018625 0.998452 0.477825 0.000000 0.000000 0.000000 1.000000
0.994559 0.091390 0.050011 0.396016 -0.092186 0.995646 0.013846 94.377907 -0.048527 -0.018381 0.998653 0.494421 0.000000 0.000000 0.000000 1.000000
0.994592 0.093177 0.045879 0.446989 -0.093902 0.995484 0.013906 94.363632 -0.044376 -0.018139 0.998850 0.502602 0.000000 0.000000 0.000000 1.000000
0.994629 0.094875 0.041373 0.495424 -0.095524 0.995329 0.013990 94.352287 -0.039852 -0.017867 0.999046 0.500435 0.000000 0.000000 0.000000 1.000000
0.994688 0.096247 0.036513 0.538366 -0.096817 0.995202 0.014158 94.344849 -0.034975 -0.017618 0.999233 0.483441 0.000000 0.000000 0.000000 1.000000
0.994762 0.097190 0.031662 0.574500 -0.097684 0.995113 0.014451 94.340668 -0.030103 -0.017469 0.999394 0.447881 0.000000 0.000000 0.000000 1.000000
0.994841 0.097696 0.027328 0.603540 -0.098125 0.995064 0.014822 94.340034 -0.025745 -0.017427 0.999517 0.394094 0.000000 0.000000 0.000000 1.000000
0.994920 0.097800 0.023875 0.625632 -0.098176 0.995054 0.015137 94.343773 -0.022276 -0.017404 0.999600 0.327889 0.000000 0.000000 0.000000 1.000000
0.994998 0.097563 0.021465 0.641275 -0.097900 0.995079 0.015249 94.350723 -0.019872 -0.017274 0.999653 0.259041 0.000000 0.000000 0.000000 1.000000
0.995068 0.097124 0.020178 0.651851 -0.097436 0.995128 0.015078 94.356140 -0.018616 -0.016970 0.999683 0.197000 0.000000 0.000000 0.000000 1.000000
0.995111 0.096703 0.020057 0.659709 -0.097005 0.995176 0.014659 94.354393 -0.018543 -0.016533 0.999691 0.146616 0.000000 0.000000 0.000000 1.000000
0.995107 0.096546 0.020997 0.667661 -0.096853 0.995198 0.014130 94.344521 -0.019532 -0.016094 0.999680 0.107514 0.000000 0.000000 0.000000 1.000000
0.995046 0.096806 0.022643 0.677473 -0.097130 0.995177 0.013699 94.332512 -0.021208 -0.015831 0.999650 0.077184 0.000000 0.000000 0.000000 1.000000
0.994939 0.097456 0.024461 0.687853 -0.097806 0.995113 0.013576 94.326187 -0.023018 -0.015899 0.999609 0.054133 0.000000 0.000000 0.000000 1.000000
0.994818 0.098298 0.025967 0.693766 -0.098681 0.995022 0.013881 94.327744 -0.024473 -0.016371 0.999566 0.037947 0.000000 0.000000 0.000000 1.000000
0.994711 0.099111 0.026950 0.690019 -0.099528 0.994928 0.014591 94.332703 -0.025367 -0.017196 0.999530 0.027323 0.000000 0.000000 0.000000 1.000000
0.994633 0.099757 0.027444 0.674515 -0.100208 0.994844 0.015593 94.335098 -0.025747 -0.018259 0.999502 0.019761 0.000000 0.000000 0.000000 1.000000</float_array>
        <technique_common>
          <accessor source="#mixamorig1_Hips-Matrix-animation-output-transform-array" count="91" stride="16">
            <param type="float4x4"/>
          </accessor>
        </technique_common>
      </source>
      <source id="mixamorig1_Hips-Interpolations">
        <Name_array id="mixamorig1_Hips-Interpolations-array" count="91">
 LINEAR LINEAR LINEAR LINEAR LINEAR LINEAR LINEAR LINEAR LINEAR LINEAR LINEAR
LINEAR LINEAR LINEAR LINEAR LINEAR LINEAR LINEAR LINEAR LINEAR LINEAR LINEAR LINEAR
LINEAR LINEAR LINEAR LINEAR LINEAR LINEAR LINEAR LINEAR LINEAR LINEAR LINEAR LINEAR
LINEAR LINEAR LINEAR LINEAR LINEAR LINEAR LINEAR LINEAR LINEAR LINEAR LINEAR LINEAR
LINEAR LINEAR LINEAR LINEAR LINEAR LINEAR LINEAR LINEAR LINEAR LINEAR LINEAR LINEAR
LINEAR LINEAR LINEAR LINEAR LINEAR LINEAR LINEAR LINEAR LINEAR LINEAR LINEAR LINEAR
LINEAR LINEAR LINEAR LINEAR LINEAR LINEAR LINEAR LINEAR LINEAR LINEAR LINEAR LINEAR
LINEAR LINEAR LINEAR LINEAR LINEAR LINEAR LINEAR LINEAR</Name_array>
        <technique_common>
          <accessor source="#mixamorig1_Hips-Interpolations-array" count="91">
            <param type="name"/>
          </accessor>
        </technique_common>
      </source>
      <sampler id="mixamorig1_Hips-Matrix-animation-transform">
        <input semantic="INPUT" source="#mixamorig1_Hips-Matrix-animation-input"/>
        <input semantic="OUTPUT" source="#mixamorig1_Hips-Matrix-animation-output-transform"/>
        <input semantic="INTERPOLATION" source="#mixamorig1_Hips-Interpolations"/>
      </sampler>
      <channel source="#mixamorig1_Hips-Matrix-animation-transform" target="mixamorig1_Hips/matrix"/>
    </animation>
    <animation id="mixamorig1_Spine-anim" name="mixamorig1_Spine">
      <source id="mixamorig1_Spine-Matrix-animation-input">
        <float_array id="mixamorig1_Spine-Matrix-animation-input-array" count="91">

0.000000 0.033333 0.066667 0.100000 0.133333 0.166667 0.200000 0.233333 0.266667 0.300000 0.333333 0.366667 0.400000 0.433333 0.466667 0.500000
0.533333 0.566667 0.600000 0.633333 0.666667 0.700000 0.733333 0.766667 0.800000 0.833333 0.866667 0.900000 0.933333 0.966667 1.000000 1.033333
1.066667 1.100000 1.133333 1.166667 1.200000 1.233333 1.266667 1.300000 1.333333 1.366667 1.400000 1.433333 1.466667 1.500000 1.533333 1.566667
1.600000 1.633333 1.666667 1.700000 1.733333 1.766667 1.800000 1.833333 1.866667 1.900000 1.933333 1.966667 2.000000 2.033333 2.066667 2.100000
2.133333 2.166667 2.200000 2.233333 2.266667 2.300000 2.333333 2.366667 2.400000 2.433333 2.466667 2.500000 2.533333 2.566667 2.600000 2.633333
2.666667 2.700000 2.733333 2.766667 2.800000 2.833333 2.866667 2.900000 2.933333 2.966667 3.000000</float_array>
        <technique_common>
          <accessor source="#mixamorig1_Spine-Matrix-animation-input-array" count="91">
            <param name="TIME" type="float"/>
          </accessor>
        </technique_common>
      </source>
      <source id="mixamorig1_Spine-Matrix-animation-output-transform">
        <float_array id="mixamorig1_Spine-Matrix-animation-output-transform-array" count="1456">

0.998042 -0.058608 -0.021834 -0.000000 0.058558 0.998280 -0.002936 6.609300 0.021968 0.001652 0.999757 -0.131400 0.000000 0.000000 0.000000 1.000000
0.998073 -0.058575 -0.020467 0.000000 0.058504 0.998279 -0.004052 6.609300 0.020669 0.002847 0.999782 -0.131400 0.000000 0.000000 0.000000 1.000000
0.998102 -0.058758 -0.018429 0.000000 0.058672 0.998264 -0.005127 6.609300 0.018698 0.004036 0.999817 -0.131400 0.000000 0.000000 0.000000 1.000000
0.998130 -0.059173 -0.015319 0.000000 0.059086 0.998235 -0.006035 6.609300 0.015649 0.005118 0.999864 -0.131400 0.000000 0.000000 0.000000 1.000000
0.998160 -0.059710 -0.010512 0.000000 0.059642 0.998197 -0.006693 6.609300 0.010893 0.006053 0.999922 -0.131400 0.000000 0.000000 0.000000 1.000000
0.998185 -0.060110 -0.003608 -0.000000 0.060083 0.998168 -0.007104 6.609300 0.004029 0.006874 0.999968 -0.131400 0.000000 0.000000 0.000000 1.000000
0.998180 -0.060108 0.004798 0.000000 0.060142 0.998163 -0.007288 6.609300 -0.004351 0.007563 0.999962 -0.131400 0.000000 0.000000 0.000000 1.000000
0.998136 -0.059678 0.012782 -0.000000 0.059773 0.998186 -0.007194 6.609300 -0.012330 0.007944 0.999892 -0.131400 0.000000 0.000000 0.000000 1.000000
0.998086 -0.059164 0.018018 0.000000 0.059294 0.998218 -0.006752 6.609300 -0.017586 0.007808 0.999815 -0.131400 0.000000 0.000000 0.000000 1.000000
0.998062 -0.059106 0.019464 0.000000 0.059234 0.998226 -0.006041 6.609300 -0.019073 0.007182 0.999792 -0.131400 0.000000 0.000000 0.000000 1.000000
0.998045 -0.059787 0.018207 0.000000 0.059893 0.998191 -0.005332 6.609300 -0.017856 0.006412 0.999820 -0.131400 0.000000 0.000000 0.000000 1.000000
0.998008 -0.060887 0.016490 0.000000 0.060976 0.998127 -0.004920 6.609300 -0.016160 0.005916 0.999852 -0.131400 0.000000 0.000000 0.000000 1.000000
0.997972 -0.061643 0.015863 -0.000000 0.061727 0.998081 -0.004890 6.609300 -0.015532 0.005859 0.999862 -0.131400 0.000000 0.000000 0.000000 1.000000
0.997975 -0.061486 0.016274 -0.000000 0.061576 0.998089 -0.005102 6.609300 -0.015929 0.006094 0.999855 -0.131400 0.000000 0.000000 0.000000 1.000000
0.998020 -0.060611 0.016810 0.000000 0.060709 0.998141 -0.005408 6.609300 -0.016451 0.006418 0.999844 -0.131400 0.000000 0.000000 0.000000 1.000000
0.998061 -0.059878 0.016984 0.000000 0.059985 0.998182 -0.005878 6.609300 -0.016601 0.006886 0.999838 -0.131400 0.000000 0.000000 0.000000 1.000000
0.998049 -0.060068 0.017038 0.000000 0.060191 0.998164 -0.006814 6.609300 -0.016598 0.007826 0.999832 -0.131400 0.000000 0.000000 0.000000 1.000000
0.997979 -0.061193 0.017141 0.000000 0.061346 0.998080 -0.008576 6.609300 -0.016583 0.009610 0.999816 -0.131400 0.000000 0.000000 0.000000 1.000000
0.997901 -0.062550 0.016765 0.000000 0.062746 0.997964 -0.011436 6.609300 -0.016015 0.012464 0.999794 -0.131400 0.000000 0.000000 0.000000 1.000000
0.997870 -0.063442 0.015183 0.000000 0.063677 0.997849 -0.015559 6.609300 -0.014164 0.016493 0.999764 -0.131400 0.000000 0.000000 0.000000 1.000000
0.997889 -0.063748 0.012424 0.000000 0.063999 0.997729 -0.021017 6.609300 -0.011056 0.021767 0.999702 -0.131400 0.000000 0.000000 0.000000 1.000000
0.997922 -0.063748 0.009362 0.000000 0.063984 0.997568 -0.027652 6.609300 -0.007576 0.028194 0.999574 -0.131400 0.000000 0.000000 0.000000 1.000000
0.997956 -0.063539 0.006778 -0.000000 0.063738 0.997358 -0.034864 6.609300 -0.004545 0.035224 0.999369 -0.131400 0.000000 0.000000 0.000000 1.000000
0.998015 -0.062807 0.004573 0.000000 0.062943 0.997148 -0.041641 6.609300 -0.001945 0.041846 0.999122 -0.131400 0.000000 0.000000 0.000000 1.000000
0.998126 -0.061160 0.002098 0.000000 0.061191 0.997016 -0.047059 6.609300 0.000786 0.047099 0.998890 -0.131400 0.000000 0.000000 0.000000 1.000000
0.998285 -0.058536 -0.000847 0.000000 0.058417 0.996995 -0.050882 6.609300 0.003822 0.050745 0.998704 -0.131400 0.000000 0.000000 0.000000 1.000000
0.998469 -0.055193 -0.003556 0.000000 0.054923 0.997048 -0.053648 6.609300 0.006506 0.053370 0.998554 -0.131400 0.000000 0.000000 0.000000 1.000000
0.998665 -0.051424 -0.004969 0.000000 0.051065 0.997120 -0.056080 6.609300 0.007839 0.055751 0.998414 -0.131400 0.000000 0.000000 0.000000 1.000000
0.998865 -0.047409 -0.004600 0.000000 0.047060 0.997183 -0.058411 6.609300 0.007356 0.058128 0.998282 -0.131400 0.000000 0.000000 0.000000 1.000000
0.999056 -0.043336 -0.002948 0.000000 0.043080 0.997250 -0.060312 6.609300 0.005554 0.060128 0.998175 -0.131400 0.000000 0.000000 0.000000 1.000000
0.999218 -0.039532 -0.001138 0.000000 0.039388 0.997336 -0.061392 6.609300 0.003562 0.061299 0.998113 -0.131400 0.000000 0.000000 0.000000 1.000000
0.999337 -0.036403 -0.000188 0.000000 0.036322 0.997439 -0.061620 6.609300 0.002431 0.061573 0.998100 -0.131400 0.000000 0.000000 0.000000 1.000000
0.999413 -0.034246 -0.000462 0.000000 0.034153 0.997539 -0.061238 6.609300 0.002558 0.061187 0.998123 -0.131400 0.000000 0.000000 0.000000 1.000000
0.999449 -0.033140 -0.001639 -0.000000 0.032980 0.997626 -0.060453 6.609300 0.003639 0.060366 0.998170 -0.131400 0.000000 0.000000 0.000000 1.000000
0.999452 -0.032957 -0.003164 0.000000 0.032712 0.997701 -0.059346 6.609300 0.005113 0.059210 0.998232 -0.131400 0.000000 0.000000 0.000000 1.000000
0.999429 -0.033434 -0.004797 -0.000000 0.033100 0.997767 -0.058014 6.609300 0.006726 0.057822 0.998304 -0.131400 0.000000 0.000000 0.000000 1.000000
0.999391 -0.034236 -0.006771 0.000000 0.033799 0.997826 -0.056578 6.609300 0.008694 0.056315 0.998375 -0.131400 0.000000 0.000000 0.000000 1.000000
0.999339 -0.035130 -0.009301 0.000000 0.034567 0.997890 -0.054953 6.609300 0.011212 0.054595 0.998446 -0.131400 0.000000 0.000000 0.000000 1.000000
0.999273 -0.036207 -0.011911 0.000000 0.035532 0.997979 -0.052689 6.609300 0.013795 0.052227 0.998540 -0.131400 0.000000 0.000000 0.000000 1.000000
0.999192 -0.037875 -0.013457 0.000000 0.037170 0.998095 -0.049246 6.609300 0.015297 0.048706 0.998696 -0.131400 0.000000 0.000000 0.000000 1.000000
0.999097 -0.040406 -0.013108 0.000000 0.039786 0.998215 -0.044531 6.609300 0.014883 0.043969 0.998922 -0.131400 0.000000 0.000000 0.000000 1.000000
0.998995 -0.043357 -0.011351 0.000000 0.042883 0.998313 -0.039152 6.609300 0.013030 0.038625 0.999169 -0.131400 0.000000 0.000000 0.000000 1.000000
0.998909 -0.045683 -0.009709 0.000000 0.045328 0.998392 -0.034055 6.609300 0.011249 0.033577 0.999373 -0.131400 0.000000 0.000000 0.000000 1.000000
0.998863 -0.046781 -0.009137 0.000000 0.046489 0.998473 -0.029835 6.609300 0.010519 0.029376 0.999513 -0.131400 0.000000 0.000000 0.000000 1.000000
0.998835 -0.047438 -0.008811 0.000000 0.047191 0.998537 -0.026399 6.609300 0.010050 0.025952 0.999613 -0.131400 0.000000 0.000000 0.000000 1.000000
0.998757 -0.049367 -0.006869 -0.000000 0.049195 0.998517 -0.023323 6.609300 0.008010 0.022956 0.999704 -0.131400 0.000000 0.000000 0.000000 1.000000
0.998564 -0.053519 -0.002507 0.000000 0.053457 0.998360 -0.020486 6.609300 0.003599 0.020323 0.999787 -0.131400 0.000000 0.000000 0.000000 1.000000
0.998255 -0.058981 0.002893 0.000000 0.059024 0.998089 -0.018277 6.609300 -0.001810 0.018416 0.999829 -0.131400 0.000000 0.000000 0.000000 1.000000
0.997943 -0.063733 0.006857 0.000000 0.063842 0.997812 -0.017161 6.609300 -0.005748 0.017563 0.999829 -0.131400 0.000000 0.000000 0.000000 1.000000
0.997760 -0.066427 0.007868 0.000000 0.066554 0.997636 -0.017122 6.609300 -0.006712 0.017607 0.999822 -0.131400 0.000000 0.000000 0.000000 1.000000
0.997716 -0.067268 0.006207 0.000000 0.067368 0.997573 -0.017577 6.609300 -0.005009 0.017955 0.999826 -0.131400 0.000000 0.000000 0.000000 1.000000
0.997723 -0.067369 0.003122 0.000000 0.067414 0.997566 -0.017792 6.609300 -0.001915 0.017962 0.999837 -0.131400 0.000000 0.000000 0.000000 1.000000
0.997709 -0.067658 -0.000307 0.000000 0.067643 0.997559 -0.017333 6.609300 0.001479 0.017272 0.999850 -0.131400 0.000000 0.000000 0.000000 1.000000
0.997648 -0.068454 -0.003451 0.000000 0.068390 0.997527 -0.016218 6.609300 0.004553 0.015944 0.999863 -0.131400 0.000000 0.000000 0.000000 1.000000
0.997551 -0.069702 -0.005856 -0.000000 0.069609 0.997464 -0.014813 6.609300 0.006873 0.014369 0.999873 -0.131400 0.000000 0.000000 0.000000 1.000000
0.997434 -0.071227 -0.007249 0.000000 0.071124 0.997375 -0.013602 6.609300 0.008199 0.013051 0.999881 -0.131400 0.000000 0.000000 0.000000 1.000000
0.997320 -0.072738 -0.007936 0.000000 0.072632 0.997275 -0.012894 6.609300 0.008853 0.012283 0.999885 -0.131400 0.000000 0.000000 0.000000 1.000000
0.997235 -0.073782 -0.008897 0.000000 0.073667 0.997203 -0.012600 6.609300 0.009802 0.011910 0.999881 -0.131400 0.000000 0.000000 0.000000 1.000000
0.997202 -0.073920 -0.011165 -0.000000 0.073782 0.997198 -0.012309 6.609300 0.012043 0.011451 0.999862 -0.131400 0.000000 0.000000 0.000000 1.000000
0.997219 -0.073010 -0.014930 -0.000000 0.072839 0.997275 -0.011670 6.609300 0.015741 0.010550 0.999820 -0.131400 0.000000 0.000000 0.000000 1.000000
0.997264 -0.071376 -0.019260 0.000000 0.071179 0.997406 -0.010707 6.609300 0.019974 0.009307 0.999757 -0.131400 0.000000 0.000000 0.000000 1.000000
0.997309 -0.069674 -0.022808 0.000000 0.069467 0.997537 -0.009747 6.609300 0.023431 0.008137 0.999692 -0.131400 0.000000 0.000000 0.000000 1.000000
0.997341 -0.068502 -0.024871 0.000000 0.068296 0.997624 -0.009060 6.609300 0.025433 0.007337 0.999650 -0.131400 0.000000 0.000000 0.000000 1.000000
0.997350 -0.068030 -0.025773 -0.000000 0.067827 0.997660 -0.008651 6.609300 0.026301 0.006880 0.999630 -0.131400 0.000000 0.000000 0.000000 1.000000
0.997340 -0.068003 -0.026256 0.000000 0.067804 0.997663 -0.008391 6.609300 0.026766 0.006588 0.999620 -0.131400 0.000000 0.000000 0.000000 1.000000
0.997321 -0.068118 -0.026658 0.000000 0.067921 0.997657 -0.008232 6.609300 0.027157 0.006400 0.999611 -0.131400 0.000000 0.000000 0.000000 1.000000
0.997303 -0.068351 -0.026756 0.000000 0.068153 0.997641 -0.008227 6.609300 0.027255 0.006381 0.999608 -0.131400 0.000000 0.000000 0.000000 1.000000
0.997279 -0.068869 -0.026314 0.000000 0.068671 0.997604 -0.008367 6.609300 0.026827 0.006537 0.999619 -0.131400 0.000000 0.000000 0.000000 1.000000
0.997245 -0.069631 -0.025561 -0.000000 0.069434 0.997550 -0.008510 6.609300 0.026091 0.006712 0.999637 -0.131400 0.000000 0.000000 0.000000 1.000000
0.997218 -0.070192 -0.025081 0.000000 0.069999 0.997511 -0.008484 6.609300 0.025614 0.006705 0.999649 -0.131400 0.000000 0.000000 0.000000 1.000000
0.997224 -0.070005 -0.025352 0.000000 0.069816 0.997526 -0.008240 6.609300 0.025866 0.006447 0.999645 -0.131400 0.000000 0.000000 0.000000 1.000000
0.997271 -0.068935 -0.026435 0.000000 0.068750 0.997603 -0.007863 6.609300 0.026914 0.006024 0.999620 -0.131400 0.000000 0.000000 0.000000 1.000000
0.997330 -0.067447 -0.027990 0.000000 0.067264 0.997708 -0.007436 6.609300 0.028428 0.005534 0.999581 -0.131400 0.000000 0.000000 0.000000 1.000000
0.997367 -0.066263 -0.029462 -0.000000 0.066087 0.997790 -0.006903 6.609300 0.029854 0.004938 0.999542 -0.131400 0.000000 0.000000 0.000000 1.000000
0.997370 -0.065831 -0.030331 0.000000 0.065676 0.997822 -0.006098 6.609300 0.030666 0.004090 0.999521 -0.131400 0.000000 0.000000 0.000000 1.000000
0.997353 -0.066081 -0.030342 -0.000000 0.065961 0.997810 -0.004916 6.609300 0.030600 0.002901 0.999527 -0.131400 0.000000 0.000000 0.000000 1.000000
0.997340 -0.066619 -0.029593 0.000000 0.066545 0.997777 -0.003482 6.609300 0.029759 0.001504 0.999556 -0.131400 0.000000 0.000000 0.000000 1.000000
0.997343 -0.067097 -0.028388 0.000000 0.067062 0.997746 -0.002160 6.609300 0.028469 0.000250 0.999595 -0.131400 0.000000 0.000000 0.000000 1.000000
0.997362 -0.067378 -0.027010 -0.000000 0.067366 0.997727 -0.001364 6.609300 0.027040 -0.000459 0.999634 -0.131400 0.000000 0.000000 0.000000 1.000000
0.997392 -0.067454 -0.025655 0.000000 0.067443 0.997722 -0.001322 6.609300 0.025685 -0.000411 0.999670 -0.131400 0.000000 0.000000 0.000000 1.000000
0.997432 -0.067299 -0.024507 -0.000000 0.067271 0.997733 -0.001950 6.609300 0.024582 0.000297 0.999698 -0.131400 0.000000 0.000000 0.000000 1.000000
0.997481 -0.066841 -0.023755 0.000000 0.066790 0.997763 -0.002920 6.609300 0.023897 0.001326 0.999714 -0.131400 0.000000 0.000000 0.000000 1.000000
0.997542 -0.066025 -0.023462 0.000000 0.065953 0.997815 -0.003852 6.609300 0.023665 0.002295 0.999717 -0.131400 0.000000 0.000000 0.000000 1.000000
0.997618 -0.064867 -0.023467 -0.000000 0.064779 0.997890 -0.004489 6.609300 0.023708 0.002958 0.999715 -0.131400 0.000000 0.000000 0.000000 1.000000
0.997707 -0.063473 -0.023495 0.000000 0.063378 0.997978 -0.004756 6.609300 0.023749 0.003256 0.999713 -0.131400 0.000000 0.000000 0.000000 1.000000
0.997799 -0.062046 -0.023384 -0.000000 0.061952 0.998068 -0.004716 6.609300 0.023631 0.003257 0.999715 -0.131400 0.000000 0.000000 0.000000 1.000000
0.997879 -0.060828 -0.023167 0.000000 0.060740 0.998144 -0.004482 6.609300 0.023397 0.003065 0.999722 -0.131400 0.000000 0.000000 0.000000 1.000000
0.997936 -0.059976 -0.022944 0.000000 0.059896 0.998196 -0.004147 6.609300 0.023151 0.002764 0.999728 -0.131400 0.000000 0.000000 0.000000 1.000000
0.997973 -0.059445 -0.022712 0.000000 0.059375 0.998229 -0.003765 6.609300 0.022895 0.002409 0.999735 -0.131400 0.000000 0.000000 0.000000 1.000000
0.998004 -0.059051 -0.022373 0.000000 0.058990 0.998253 -0.003360 6.609300 0.022532 0.002033 0.999744 -0.131400 0.000000 0.000000 0.000000 1.000000
0.998042 -0.058608 -0.021834 0.000000 0.058558 0.998280 -0.002936 6.609300 0.021968 0.001652 0.999757 -0.131400 0.000000 0.000000 0.000000 1.000000</float_array>
        <technique_common>
          <accessor source="#mixamorig1_Spine-Matrix-animation-output-transform-array" count="91" stride="16">
            <param type="float4x4"/>
          </accessor>
        </technique_common>
      </source>
      <source id="mixamorig1_Spine-Interpolations">
        <Name_array id="mixamorig1_Spine-Interpolations-array" count="91">
 LINEAR LINEAR LINEAR LINEAR LINEAR LINEAR LINEAR LINEAR LINEAR LINEAR LINEAR
LINEAR LINEAR LINEAR LINEAR LINEAR LINEAR LINEAR LINEAR LINEAR LINEAR LINEAR LINEAR
LINEAR LINEAR LINEAR LINEAR LINEAR LINEAR LINEAR LINEAR LINEAR LINEAR LINEAR LINEAR
LINEAR LINEAR LINEAR LINEAR LINEAR LINEAR LINEAR LINEAR LINEAR LINEAR LINEAR LINEAR
LINEAR LINEAR LINEAR LINEAR LINEAR LINEAR LINEAR LINEAR LINEAR LINEAR LINEAR LINEAR
LINEAR LINEAR LINEAR LINEAR LINEAR LINEAR LINEAR LINEAR LINEAR LINEAR LINEAR LINEAR
LINEAR LINEAR LINEAR LINEAR LINEAR LINEAR LINEAR LINEAR LINEAR LINEAR LINEAR LINEAR
LINEAR LINEAR LINEAR LINEAR LINEAR LINEAR LINEAR LINEAR</Name_array>
        <technique_common>
          <accessor source="#mixamorig1_Spine-Interpolations-array" count="91">
            <param type="name"/>
          </accessor>
        </technique_common>
      </source>
      <sampler id="mixamorig1_Spine-Matrix-animation-transform">
        <input semantic="INPUT" source="#mixamorig1_Spine-Matrix-animation-input"/>
        <input semantic="OUTPUT" source="#mixamorig1_Spine-Matrix-animation-output-transform"/>
        <input semantic="INTERPOLATION" source="#mixamorig1_Spine-Interpolations"/>
      </sampler>
      <channel source="#mixamorig1_Spine-Matrix-animation-transform" target="mixamorig1_Spine/matrix"/>
    </animation>
    <animation id="mixamorig1_Spine1-anim" name="mixamorig1_Spine1">
      <source id="mixamorig1_Spine1-Matrix-animation-input">
        <float_array id="mixamorig1_Spine1-Matrix-animation-input-array" count="91">

0.000000 0.033333 0.066667 0.100000 0.133333 0.166667 0.200000 0.233333 0.266667 0.300000 0.333333 0.366667 0.400000 0.433333 0.466667 0.500000
0.533333 0.566667 0.600000 0.633333 0.666667 0.700000 0.733333 0.766667 0.800000 0.833333 0.866667 0.900000 0.933333 0.966667 1.000000 1.033333
1.066667 1.100000 1.133333 1.166667 1.200000 1.233333 1.266667 1.300000 1.333333 1.366667 1.400000 1.433333 1.466667 1.500000 1.533333 1.566667
1.600000 1.633333 1.666667 1.700000 1.733333 1.766667 1.800000 1.833333 1.866667 1.900000 1.933333 1.966667 2.000000 2.033333 2.066667 2.100000
2.133333 2.166667 2.200000 2.233333 2.266667 2.300000 2.333333 2.366667 2.400000 2.433333 2.466667 2.500000 2.533333 2.566667 2.600000 2.633333
2.666667 2.700000 2.733333 2.766667 2.800000 2.833333 2.866667 2.900000 2.933333 2.966667 3.000000</float_array>
        <technique_common>
          <accessor source="#mixamorig1_Spine1-Matrix-animation-input-array" count="91">
            <param name="TIME" type="float"/>
          </accessor>
        </technique_common>
      </source>
      <source id="mixamorig1_Spine1-Matrix-animation-output-transform">
        <float_array id="mixamorig1_Spine1-Matrix-animation-output-transform-array" count="1456">

0.994612 -0.103638 0.002551 -0.000000 0.103663 0.994530 -0.012825 7.712300 -0.001208 0.013021 0.999914 -0.000000 0.000000 0.000000 0.000000 1.000000
0.994612 -0.103622 0.002994 -0.000000 0.103652 0.994529 -0.012960 7.712300 -0.001635 0.013201 0.999912 -0.000000 0.000000 0.000000 0.000000 1.000000
0.994605 -0.103670 0.003657 0.000000 0.103709 0.994521 -0.013099 7.712300 -0.002279 0.013407 0.999908 0.000000 0.000000 0.000000 0.000000 1.000000
0.994588 -0.103788 0.004675 0.000000 0.103842 0.994505 -0.013282 7.712300 -0.003271 0.013696 0.999901 -0.000000 0.000000 0.000000 0.000000 1.000000
0.994562 -0.103963 0.006260 -0.000000 0.104040 0.994480 -0.013585 7.712300 -0.004814 0.014162 0.999888 -0.000000 0.000000 0.000000 0.000000 1.000000
0.994523 -0.104163 0.008559 0.000000 0.104276 0.994449 -0.014065 7.712300 -0.007047 0.014881 0.999864 0.000000 0.000000 0.000000 0.000000 1.000000
0.994473 -0.104376 0.011386 0.000000 0.104538 0.994412 -0.014703 7.712300 -0.009788 0.015812 0.999827 0.000000 0.000000 0.000000 0.000000 1.000000
0.994413 -0.104609 0.014103 0.000000 0.104823 0.994371 -0.015409 7.712300 -0.012411 0.016801 0.999782 0.000000 0.000000 0.000000 0.000000 1.000000
0.994359 -0.104863 0.015921 -0.000000 0.105117 0.994329 -0.016110 7.712300 -0.014142 0.017693 0.999743 0.000000 0.000000 0.000000 0.000000 1.000000
0.994325 -0.105101 0.016469 0.000000 0.105376 0.994290 -0.016838 7.712300 -0.014605 0.018478 0.999723 0.000000 0.000000 0.000000 0.000000 1.000000
0.994313 -0.105273 0.016087 0.000000 0.105553 0.994257 -0.017678 7.712300 -0.014134 0.019276 0.999714 0.000000 0.000000 0.000000 0.000000 1.000000
0.994312 -0.105368 0.015529 0.000000 0.105651 0.994228 -0.018649 7.712300 -0.013475 0.020184 0.999705 -0.000000 0.000000 0.000000 0.000000 1.000000
0.994307 -0.105439 0.015341 0.000000 0.105731 0.994201 -0.019649 7.712300 -0.013180 0.021159 0.999689 -0.000000 0.000000 0.000000 0.000000 1.000000
0.994291 -0.105562 0.015531 0.000000 0.105869 0.994168 -0.020536 7.712300 -0.013272 0.022063 0.999668 0.000000 0.000000 0.000000 0.000000 1.000000
0.994266 -0.105760 0.015791 -0.000000 0.106083 0.994130 -0.021239 7.712300 -0.013452 0.022792 0.999650 0.000000 0.000000 0.000000 0.000000 1.000000
0.994241 -0.105977 0.015923 -0.000000 0.106310 0.994094 -0.021783 7.712300 -0.013520 0.023350 0.999636 0.000000 0.000000 0.000000 0.000000 1.000000
0.994225 -0.106121 0.015972 0.000000 0.106461 0.994069 -0.022214 7.712300 -0.013520 0.023786 0.999626 0.000000 0.000000 0.000000 0.000000 1.000000
0.994220 -0.106163 0.015992 0.000000 0.106509 0.994056 -0.022558 7.712300 -0.013502 0.024131 0.999618 0.000000 0.000000 0.000000 0.000000 1.000000
0.994222 -0.106166 0.015840 0.000000 0.106512 0.994049 -0.022853 7.712300 -0.013320 0.024408 0.999613 0.000000 0.000000 0.000000 0.000000 1.000000
0.994226 -0.106208 0.015310 0.000000 0.106545 0.994037 -0.023205 7.712300 -0.012754 0.024702 0.999613 0.000000 0.000000 0.000000 0.000000 1.000000
0.994233 -0.106267 0.014410 0.000000 0.106589 0.994019 -0.023775 7.712300 -0.011797 0.025173 0.999613 0.000000 0.000000 0.000000 0.000000 1.000000
0.994256 -0.106189 0.013398 0.000000 0.106495 0.994007 -0.024676 7.712300 -0.010697 0.025961 0.999606 0.000000 0.000000 0.000000 0.000000 1.000000
0.994310 -0.105791 0.012507 -0.000000 0.106085 0.994020 -0.025875 7.712300 -0.009694 0.027055 0.999587 0.000000 0.000000 0.000000 0.000000 1.000000
0.994403 -0.105004 0.011705 0.000000 0.105288 0.994070 -0.027189 7.712300 -0.008781 0.028270 0.999562 0.000000 0.000000 0.000000 0.000000 1.000000
0.994528 -0.103914 0.010804 0.000000 0.104184 0.994153 -0.028393 7.712300 -0.007791 0.029363 0.999538 0.000000 0.000000 0.000000 0.000000 1.000000
0.994666 -0.102684 0.009762 0.000000 0.102929 0.994256 -0.029346 7.712300 -0.006693 0.030195 0.999522 0.000000 0.000000 0.000000 0.000000 1.000000
0.994803 -0.101432 0.008824 0.000000 0.101654 0.994366 -0.030054 7.712300 -0.005726 0.030795 0.999509 0.000000 0.000000 0.000000 0.000000 1.000000
0.994933 -0.100198 0.008344 0.000000 0.100408 0.994475 -0.030607 7.712300 -0.005231 0.031290 0.999497 0.000000 0.000000 0.000000 0.000000 1.000000
0.995053 -0.098978 0.008478 0.000000 0.099196 0.994582 -0.031088 7.712300 -0.005355 0.031775 0.999481 0.000000 0.000000 0.000000 0.000000 1.000000
0.995166 -0.097789 0.009052 0.000000 0.098028 0.994685 -0.031510 7.712300 -0.005922 0.032245 0.999462 -0.000000 0.000000 0.000000 0.000000 1.000000
0.995267 -0.096693 0.009674 0.000000 0.096955 0.994780 -0.031823 7.712300 -0.006547 0.032610 0.999447 0.000000 0.000000 0.000000 0.000000 1.000000
0.995353 -0.095776 0.009991 -0.000000 0.096050 0.994863 -0.031954 7.712300 -0.006880 0.032766 0.999439 0.000000 0.000000 0.000000 0.000000 1.000000
