<?xml version="1.0" encoding="utf-8"?>
<COLLADA xmlns="http://www.collada.org/2005/11/COLLADASchema" version="1.4.1">
  <asset>
    <contributor>
      <author>Mixamo</author>
      <authoring_tool>COLLADA Mixamo exporter</authoring_tool>
      <comments/>
    </contributor>
    <created>2023-08-20T06:15:31Z</created>
    <modified>2023-08-20T06:15:31Z</modified>
    <revision/>
    <title/>
    <unit meter="0.010000"/>
    <up_axis>Y_UP</up_axis>
  </asset>
  <library_animations>
    <animation id="mixamorig1_Hips-anim" name="mixamorig1_Hips">
      <source id="mixamorig1_Hips-Matrix-animation-input">
        <float_array id="mixamorig1_Hips-Matrix-animation-input-array" count="83">

0.000000 0.033333 0.066667 0.100000 0.133333 0.166667 0.200000 0.233333 0.266667 0.300000 0.333333 0.366667 0.400000 0.433333 0.466667 0.500000
0.533333 0.566667 0.600000 0.633333 0.666667 0.700000 0.733333 0.766667 0.800000 0.833333 0.866667 0.900000 0.933333 0.966667 1.000000 1.033333
1.066667 1.100000 1.133333 1.166667 1.200000 1.233333 1.266667 1.300000 1.333333 1.366667 1.400000 1.433333 1.466667 1.500000 1.533333 1.566667
1.600000 1.633333 1.666667 1.700000 1.733333 1.766667 1.800000 1.833333 1.866667 1.900000 1.933333 1.966667 2.000000 2.033333 2.066667 2.100000
2.133333 2.166667 2.200000 2.233333 2.266667 2.300000 2.333333 2.366667 2.400000 2.433333 2.466667 2.500000 2.533333 2.566667 2.600000 2.633333
2.666667 2.700000 2.733333</float_array>
        <technique_common>
          <accessor source="#mixamorig1_Hips-Matrix-animation-input-array" count="83">
            <param name="TIME" type="float"/>
          </accessor>
        </technique_common>
      </source>
      <source id="mixamorig1_Hips-Matrix-animation-output-transform">
        <float_array id="mixamorig1_Hips-Matrix-animation-output-transform-array" count="1328">

0.999151 0.015010 0.038370 0.079329 -0.015030 0.999887 0.000233 96.609161 -0.038362 -0.000809 0.999264 0.041614 0.000000 0.000000 0.000000 1.000000
0.999154 0.014786 0.038373 0.075025 -0.014819 0.999890 0.000570 96.600227 -0.038360 -0.001139 0.999263 0.035662 0.000000 0.000000 0.000000 1.000000
0.999157 0.014602 0.038375 0.068134 -0.014654 0.999892 0.001097 96.591797 -0.038355 -0.001658 0.999263 0.022775 0.000000 0.000000 0.000000 1.000000
0.999156 0.014466 0.038455 0.058717 -0.014544 0.999893 0.001771 96.583664 -0.038425 -0.002329 0.999259 0.001946 0.000000 0.000000 0.000000 1.000000
0.999150 0.014354 0.038639 0.047369 -0.014462 0.999892 0.002513 96.575325 -0.038598 -0.003070 0.999250 -0.027213 0.000000 0.000000 0.000000 1.000000
0.999142 0.014368 0.038851 0.036106 -0.014505 0.999890 0.003237 96.566650 -0.038800 -0.003797 0.999240 -0.064718 0.000000 0.000000 0.000000 1.000000
0.999132 0.014399 0.039081 0.024515 -0.014561 0.999886 0.003877 96.557655 -0.039020 -0.004443 0.999229 -0.110690 0.000000 0.000000 0.000000 1.000000
0.999123 0.014424 0.039313 0.013071 -0.014607 0.999884 0.004356 96.548126 -0.039246 -0.004926 0.999217 -0.166031 0.000000 0.000000 0.000000 1.000000
0.999113 0.014475 0.039539 0.002618 -0.014667 0.999882 0.004567 96.538307 -0.039468 -0.005142 0.999208 -0.231715 0.000000 0.000000 0.000000 1.000000
0.999103 0.014557 0.039762 -0.006139 -0.014745 0.999881 0.004455 96.528229 -0.039693 -0.005037 0.999199 -0.306224 0.000000 0.000000 0.000000 1.000000
0.999094 0.014628 0.039967 -0.012346 -0.014801 0.999882 0.004048 96.518097 -0.039903 -0.004636 0.999193 -0.387754 0.000000 0.000000 0.000000 1.000000
0.999088 0.014702 0.040080 -0.014559 -0.014839 0.999885 0.003126 96.507660 -0.040030 -0.003718 0.999192 -0.484870 0.000000 0.000000 0.000000 1.000000
0.999086 0.014811 0.040100 -0.014342 -0.014856 0.999889 0.000821 96.495132 -0.040084 -0.001416 0.999195 -0.614776 0.000000 0.000000 0.000000 1.000000
0.999083 0.014979 0.040101 -0.013820 -0.014830 0.999882 -0.004026 96.479401 -0.040157 0.003427 0.999188 -0.778476 0.000000 0.000000 0.000000 1.000000
0.999078 0.015177 0.040166 -0.009660 -0.014709 0.999821 -0.011915 96.463440 -0.040339 0.011313 0.999122 -0.958113 0.000000 0.000000 0.000000 1.000000
0.999081 0.014734 0.040246 -0.001686 -0.013860 0.999664 -0.021911 96.453430 -0.040555 0.021333 0.998950 -1.149945 0.000000 0.000000 0.000000 1.000000
0.999102 0.012835 0.040389 -0.000337 -0.011554 0.999428 -0.031781 96.452942 -0.040774 0.031286 0.998678 -1.380183 0.000000 0.000000 0.000000 1.000000
0.999122 0.009847 0.040718 -0.014869 -0.008233 0.999181 -0.039614 96.454964 -0.041074 0.039244 0.998385 -1.679926 0.000000 0.000000 0.000000 1.000000
0.999132 0.007548 0.040961 -0.039767 -0.005660 0.998925 -0.046008 96.442551 -0.041265 0.045736 0.998101 -2.042807 0.000000 0.000000 0.000000 1.000000
0.999136 0.007280 0.040929 -0.061988 -0.005045 0.998503 -0.054465 96.407120 -0.041265 0.054212 0.997676 -2.414644 0.000000 0.000000 0.000000 1.000000
0.999117 0.008394 0.041158 -0.076160 -0.005588 0.997681 -0.067840 96.356834 -0.041632 0.067550 0.996847 -2.739918 0.000000 0.000000 0.000000 1.000000
0.999059 0.009300 0.042352 -0.086687 -0.005700 0.996421 -0.084342 96.308212 -0.042984 0.084021 0.995536 -3.010634 0.000000 0.000000 0.000000 1.000000
0.998964 0.009224 0.044556 -0.100338 -0.004757 0.995042 -0.099343 96.271263 -0.045251 0.099028 0.994055 -3.247367 0.000000 0.000000 0.000000 1.000000
0.998841 0.008553 0.047367 -0.118070 -0.003273 0.993878 -0.110432 96.243576 -0.048021 0.110149 0.992754 -3.447686 0.000000 0.000000 0.000000 1.000000
0.998692 0.008048 0.050490 -0.134925 -0.002036 0.993010 -0.118016 96.221390 -0.051087 0.117759 0.991727 -3.584277 0.000000 0.000000 0.000000 1.000000
0.998534 0.007670 0.053579 -0.151828 -0.001071 0.992515 -0.122115 96.208008 -0.054115 0.121879 0.991069 -3.641755 0.000000 0.000000 0.000000 1.000000
0.998404 0.006880 0.056058 -0.173879 0.000002 0.992550 -0.121837 96.210266 -0.056479 0.121642 0.990966 -3.626526 0.000000 0.000000 0.000000 1.000000
0.998317 0.005292 0.057749 -0.202253 0.001525 0.993087 -0.117375 96.231018 -0.057971 0.117265 0.991407 -3.546700 0.000000 0.000000 0.000000 1.000000
0.998261 0.002958 0.058877 -0.232370 0.003551 0.993910 -0.110140 96.264725 -0.058844 0.110158 0.992171 -3.405347 0.000000 0.000000 0.000000 1.000000
0.998245 0.000118 0.059215 -0.260409 0.005894 0.994835 -0.101335 96.302948 -0.058921 0.101506 0.993088 -3.210957 0.000000 0.000000 0.000000 1.000000
0.998324 -0.002526 0.057809 -0.283018 0.007820 0.995772 -0.091528 96.341576 -0.057333 0.091827 0.994123 -2.980240 0.000000 0.000000 0.000000 1.000000
0.998527 -0.004017 0.054103 -0.297140 0.008418 0.996649 -0.081364 96.377594 -0.053595 0.081700 0.995215 -2.728682 0.000000 0.000000 0.000000 1.000000
0.998772 -0.004646 0.049316 -0.305985 0.008201 0.997361 -0.072134 96.409378 -0.048851 0.072450 0.996175 -2.463309 0.000000 0.000000 0.000000 1.000000
0.998951 -0.005733 0.045441 -0.315450 0.008683 0.997847 -0.065001 96.436188 -0.044970 0.065327 0.996850 -2.188145 0.000000 0.000000 0.000000 1.000000
0.999056 -0.007378 0.042816 -0.324190 0.009929 0.998168 -0.059681 96.455688 -0.042297 0.060050 0.997299 -1.918395 0.000000 0.000000 0.000000 1.000000
0.999150 -0.008167 0.040415 -0.326147 0.010388 0.998430 -0.055042 96.469414 -0.039902 0.055415 0.997666 -1.673853 0.000000 0.000000 0.000000 1.000000
0.999252 -0.007437 0.037958 -0.319826 0.009355 0.998674 -0.050622 96.481339 -0.037531 0.050940 0.997996 -1.459183 0.000000 0.000000 0.000000 1.000000
0.999348 -0.005816 0.035627 -0.304863 0.007474 0.998886 -0.046584 96.493149 -0.035317 0.046820 0.998279 -1.267144 0.000000 0.000000 0.000000 1.000000
0.999448 -0.003824 0.032990 -0.278057 0.005242 0.999062 -0.042994 96.503403 -0.032794 0.043143 0.998531 -1.094552 0.000000 0.000000 0.000000 1.000000
0.999558 -0.001412 0.029694 -0.239730 0.002590 0.999211 -0.039641 96.515762 -0.029615 0.039700 0.998773 -0.944268 0.000000 0.000000 0.000000 1.000000
0.999658 0.001392 0.026099 -0.195152 -0.000445 0.999342 -0.036278 96.532036 -0.026132 0.036254 0.999001 -0.818050 0.000000 0.000000 0.000000 1.000000
0.999733 0.004320 0.022719 -0.146630 -0.003568 0.999447 -0.033050 96.535255 -0.022849 0.032960 0.999195 -0.715995 0.000000 0.000000 0.000000 1.000000
0.999779 0.006410 0.019998 -0.098788 -0.005801 0.999522 -0.030368 96.522728 -0.020183 0.030245 0.999339 -0.641027 0.000000 0.000000 0.000000 1.000000
0.999804 0.007809 0.018197 -0.046861 -0.007293 0.999574 -0.028245 96.509964 -0.018410 0.028107 0.999435 -0.593584 0.000000 0.000000 0.000000 1.000000
0.999814 0.008815 0.017140 0.007627 -0.008362 0.999619 -0.026312 96.503807 -0.017366 0.026163 0.999507 -0.564438 0.000000 0.000000 0.000000 1.000000
0.999818 0.009663 0.016471 0.062724 -0.009260 0.999660 -0.024370 96.502373 -0.016701 0.024213 0.999567 -0.543824 0.000000 0.000000 0.000000 1.000000
0.999816 0.010459 0.016055 0.118774 -0.010097 0.999696 -0.022483 96.502457 -0.016286 0.022317 0.999618 -0.528423 0.000000 0.000000 0.000000 1.000000
0.999812 0.011099 0.015925 0.174110 -0.010768 0.999727 -0.020735 96.503448 -0.016151 0.020560 0.999658 -0.517047 0.000000 0.000000 0.000000 1.000000
0.999804 0.011723 0.015976 0.229604 -0.011417 0.999752 -0.019120 96.505257 -0.016196 0.018934 0.999690 -0.507651 0.000000 0.000000 0.000000 1.000000
0.999792 0.012464 0.016146 0.285953 -0.012179 0.999771 -0.017600 96.507088 -0.016362 0.017400 0.999715 -0.497642 0.000000 0.000000 0.000000 1.000000
0.999781 0.012993 0.016423 0.338391 -0.012726 0.999787 -0.016276 96.507538 -0.016630 0.016063 0.999733 -0.484063 0.000000 0.000000 0.000000 1.000000
0.999765 0.013485 0.016946 0.387646 -0.013225 0.999794 -0.015389 96.505524 -0.017150 0.015161 0.999738 -0.463718 0.000000 0.000000 0.000000 1.000000
0.999747 0.013940 0.017663 0.432913 -0.013679 0.999797 -0.014793 96.502838 -0.017866 0.014548 0.999735 -0.436660 0.000000 0.000000 0.000000 1.000000
0.999732 0.014367 0.018130 0.474604 -0.014120 0.999806 -0.013704 96.502518 -0.018323 0.013444 0.999742 -0.409678 0.000000 0.000000 0.000000 1.000000
0.999729 0.014800 0.017943 0.514477 -0.014592 0.999826 -0.011662 96.504173 -0.018113 0.011397 0.999771 -0.388061 0.000000 0.000000 0.000000 1.000000
0.999740 0.015187 0.017009 0.555547 -0.015029 0.999843 -0.009377 96.506210 -0.017149 0.009119 0.999811 -0.364693 0.000000 0.000000 0.000000 1.000000
0.999759 0.015530 0.015490 0.599136 -0.015412 0.999852 -0.007683 96.508713 -0.015607 0.007442 0.999851 -0.329456 0.000000 0.000000 0.000000 1.000000
0.999777 0.015909 0.013856 0.639995 -0.015825 0.999856 -0.006140 96.513390 -0.013952 0.005919 0.999885 -0.288027 0.000000 0.000000 0.000000 1.000000
0.999787 0.016345 0.012577 0.672424 -0.016295 0.999859 -0.004123 96.521904 -0.012643 0.003917 0.999912 -0.251925 0.000000 0.000000 0.000000 1.000000
0.999791 0.016766 0.011727 0.696423 -0.016742 0.999857 -0.002190 96.532593 -0.011762 0.001994 0.999929 -0.218324 0.000000 0.000000 0.000000 1.000000
0.999791 0.017128 0.011173 0.713335 -0.017118 0.999853 -0.000954 96.542015 -0.011188 0.000763 0.999937 -0.178732 0.000000 0.000000 0.000000 1.000000
0.999787 0.017484 0.010929 0.724193 -0.017486 0.999847 0.000074 96.549118 -0.010926 -0.000265 0.999940 -0.136180 0.000000 0.000000 0.000000 1.000000
0.999779 0.017851 0.011128 0.729301 -0.017870 0.999839 0.001641 96.556145 -0.011097 -0.001840 0.999937 -0.099935 0.000000 0.000000 0.000000 1.000000
0.999763 0.018225 0.011868 0.727218 -0.018268 0.999827 0.003537 96.564453 -0.011802 -0.003753 0.999923 -0.075556 0.000000 0.000000 0.000000 1.000000
0.999743 0.018494 0.013089 0.714315 -0.018560 0.999816 0.004907 96.572807 -0.012996 -0.005149 0.999902 -0.062158 0.000000 0.000000 0.000000 1.000000
0.999726 0.018322 0.014594 0.687671 -0.018404 0.999815 0.005514 96.570747 -0.014490 -0.005781 0.999878 -0.054174 0.000000 0.000000 0.000000 1.000000
0.999702 0.018214 0.016223 0.655631 -0.018310 0.999816 0.005765 96.571632 -0.016115 -0.006060 0.999852 -0.046605 0.000000 0.000000 0.000000 1.000000
0.999675 0.018124 0.017931 0.619659 -0.018232 0.999816 0.005909 96.574158 -0.017821 -0.006234 0.999822 -0.038276 0.000000 0.000000 0.000000 1.000000
0.999644 0.017962 0.019714 0.579416 -0.018082 0.999819 0.005915 96.578110 -0.019604 -0.006269 0.999788 -0.029929 0.000000 0.000000 0.000000 1.000000
0.999608 0.017895 0.021549 0.537161 -0.018022 0.999821 0.005749 96.585495 -0.021442 -0.006135 0.999751 -0.021958 0.000000 0.000000 0.000000 1.000000
0.999573 0.017493 0.023404 0.489307 -0.017625 0.999830 0.005450 96.584579 -0.023305 -0.005861 0.999711 -0.014117 0.000000 0.000000 0.000000 1.000000
0.999536 0.017036 0.025255 0.439743 -0.017169 0.999840 0.005056 96.582642 -0.025165 -0.005487 0.999668 -0.006457 0.000000 0.000000 0.000000 1.000000
0.999495 0.016629 0.027077 0.390358 -0.016760 0.999849 0.004583 96.582291 -0.026997 -0.005035 0.999623 0.000833 0.000000 0.000000 0.000000 1.000000
0.999452 0.016243 0.028846 0.341619 -0.016367 0.999858 0.004051 96.582687 -0.028776 -0.004521 0.999576 0.007765 0.000000 0.000000 0.000000 1.000000
0.999408 0.015876 0.030535 0.294310 -0.015990 0.999866 0.003481 96.583527 -0.030476 -0.003967 0.999528 0.014267 0.000000 0.000000 0.000000 1.000000
0.999363 0.015543 0.032121 0.249331 -0.015644 0.999873 0.002897 96.585220 -0.032072 -0.003398 0.999480 0.020219 0.000000 0.000000 0.000000 1.000000
0.999320 0.015239 0.033576 0.207521 -0.015326 0.999880 0.002321 96.587311 -0.033537 -0.002834 0.999433 0.025591 0.000000 0.000000 0.000000 1.000000
0.999280 0.014970 0.034876 0.169839 -0.015041 0.999885 0.001774 96.589676 -0.034845 -0.002298 0.999390 0.030316 0.000000 0.000000 0.000000 1.000000
0.999243 0.014746 0.035998 0.137068 -0.014802 0.999890 0.001277 96.592400 -0.035975 -0.001809 0.999351 0.034332 0.000000 0.000000 0.000000 1.000000
0.999212 0.014581 0.036918 0.110079 -0.014622 0.999893 0.000850 96.595512 -0.036901 -0.001389 0.999318 0.037629 0.000000 0.000000 0.000000 1.000000
0.999186 0.014600 0.037599 0.091456 -0.014630 0.999893 0.000522 96.599022 -0.037588 -0.001072 0.999293 0.039887 0.000000 0.000000 0.000000 1.000000
0.999170 0.014661 0.038017 0.080700 -0.014684 0.999892 0.000317 96.603317 -0.038008 -0.000875 0.999277 0.041113 0.000000 0.000000 0.000000 1.000000
0.999162 0.014790 0.038176 0.077407 -0.014813 0.999890 0.000317 96.609207 -0.038167 -0.000883 0.999271 0.040824 0.000000 0.000000 0.000000 1.000000</float_array>
        <technique_common>
          <accessor source="#mixamorig1_Hips-Matrix-animation-output-transform-array" count="83" stride="16">
            <param type="float4x4"/>
          </accessor>
        </technique_common>
      </source>
      <source id="mixamorig1_Hips-Interpolations">
        <Name_array id="mixamorig1_Hips-Interpolations-array" count="83">
 LINEAR LINEAR LINEAR LINEAR LINEAR LINEAR LINEAR LINEAR LINEAR LINEAR LINEAR
LINEAR LINEAR LINEAR LINEAR LINEAR LINEAR LINEAR LINEAR LINEAR LINEAR LINEAR LINEAR
LINEAR LINEAR LINEAR LINEAR LINEAR LINEAR LINEAR LINEAR LINEAR LINEAR LINEAR LINEAR
LINEAR LINEAR LINEAR LINEAR LINEAR LINEAR LINEAR LINEAR LINEAR LINEAR LINEAR LINEAR
LINEAR LINEAR LINEAR LINEAR LINEAR LINEAR LINEAR LINEAR LINEAR LINEAR LINEAR LINEAR
LINEAR LINEAR LINEAR LINEAR LINEAR LINEAR LINEAR LINEAR LINEAR LINEAR LINEAR LINEAR
LINEAR LINEAR LINEAR LINEAR LINEAR LINEAR LINEAR LINEAR LINEAR LINEAR LINEAR LINEAR</Name_array>
        <technique_common>
          <accessor source="#mixamorig1_Hips-Interpolations-array" count="83">
            <param type="name"/>
          </accessor>
        </technique_common>
      </source>
      <sampler id="mixamorig1_Hips-Matrix-animation-transform">
        <input semantic="INPUT" source="#mixamorig1_Hips-Matrix-animation-input"/>
        <input semantic="OUTPUT" source="#mixamorig1_Hips-Matrix-animation-output-transform"/>
        <input semantic="INTERPOLATION" source="#mixamorig1_Hips-Interpolations"/>
      </sampler>
      <channel source="#mixamorig1_Hips-Matrix-animation-transform" target="mixamorig1_Hips/matrix"/>
    </animation>
    <animation id="mixamorig1_Spine-anim" name="mixamorig1_Spine">
      <source id="mixamorig1_Spine-Matrix-animation-input">
        <float_array id="mixamorig1_Spine-Matrix-animation-input-array" count="83">

0.000000 0.033333 0.066667 0.100000 0.133333 0.166667 0.200000 0.233333 0.266667 0.300000 0.333333 0.366667 0.400000 0.433333 0.466667 0.500000
0.533333 0.566667 0.600000 0.633333 0.666667 0.700000 0.733333 0.766667 0.800000 0.833333 0.866667 0.900000 0.933333 0.966667 1.000000 1.033333
1.066667 1.100000 1.133333 1.166667 1.200000 1.233333 1.266667 1.300000 1.333333 1.366667 1.400000 1.433333 1.466667 1.500000 1.533333 1.566667
1.600000 1.633333 1.666667 1.700000 1.733333 1.766667 1.800000 1.833333 1.866667 1.900000 1.933333 1.966667 2.000000 2.033333 2.066667 2.100000
2.133333 2.166667 2.200000 2.233333 2.266667 2.300000 2.333333 2.366667 2.400000 2.433333 2.466667 2.500000 2.533333 2.566667 2.600000 2.633333
2.666667 2.700000 2.733333</float_array>
        <technique_common>
          <accessor source="#mixamorig1_Spine-Matrix-animation-input-array" count="83">
            <param name="TIME" type="float"/>
          </accessor>
        </technique_common>
      </source>
      <source id="mixamorig1_Spine-Matrix-animation-output-transform">
        <float_array id="mixamorig1_Spine-Matrix-animation-output-transform-array" count="1328">

0.999905 0.009113 0.010318 0.000000 -0.009259 0.999857 0.014185 6.609300 -0.010187 -0.014279 0.999846 -0.131400 0.000000 0.000000 0.000000 1.000000
0.999894 0.009526 0.011049 -0.000000 -0.009680 0.999855 0.013994 6.609300 -0.010914 -0.014099 0.999841 -0.131400 0.000000 0.000000 0.000000 1.000000
0.999879 0.009998 0.011945 0.000000 -0.010158 0.999859 0.013403 6.609300 -0.011809 -0.013523 0.999839 -0.131400 0.000000 0.000000 0.000000 1.000000
0.999860 0.010515 0.012995 0.000000 -0.010670 0.999873 0.011852 6.609300 -0.012868 -0.011989 0.999845 -0.131400 0.000000 0.000000 0.000000 1.000000
0.999838 0.011035 0.014193 -0.000000 -0.011160 0.999900 0.008734 6.609300 -0.014095 -0.008891 0.999861 -0.131400 0.000000 0.000000 0.000000 1.000000
0.999820 0.011475 0.015098 0.000000 -0.011545 0.999923 0.004528 6.609300 -0.015045 -0.004701 0.999876 -0.131400 0.000000 0.000000 0.000000 1.000000
0.999816 0.011806 0.015127 -0.000000 -0.011821 0.999930 0.000952 6.609300 -0.015115 -0.001131 0.999885 -0.131400 0.000000 0.000000 0.000000 1.000000
0.999821 0.012114 0.014563 0.000000 -0.012103 0.999926 -0.000856 6.609300 -0.014573 0.000680 0.999894 -0.131400 0.000000 0.000000 0.000000 1.000000
0.999821 0.012460 0.014217 0.000000 -0.012436 0.999921 -0.001785 6.609300 -0.014238 0.001608 0.999897 -0.131400 0.000000 0.000000 0.000000 1.000000
0.999819 0.012738 0.014165 0.000000 -0.012687 0.999913 -0.003644 6.609300 -0.014211 0.003464 0.999893 -0.131400 0.000000 0.000000 0.000000 1.000000
0.999823 0.012754 0.013824 0.000000 -0.012655 0.999894 -0.007238 6.609300 -0.013915 0.007062 0.999878 -0.131400 0.000000 0.000000 0.000000 1.000000
0.999834 0.012785 0.012956 0.000000 -0.012623 0.999843 -0.012474 6.609300 -0.013113 0.012308 0.999838 -0.131400 0.000000 0.000000 0.000000 1.000000
0.999843 0.013236 0.011750 0.000000 -0.013006 0.999727 -0.019427 6.609300 -0.012004 0.019271 0.999742 -0.131400 0.000000 0.000000 0.000000 1.000000
0.999847 0.014199 0.010205 0.000000 -0.013911 0.999520 -0.027683 6.609300 -0.010593 0.027537 0.999565 -0.131400 0.000000 0.000000 0.000000 1.000000
0.999849 0.015214 0.008401 -0.000000 -0.014904 0.999246 -0.035854 6.609300 -0.008940 0.035723 0.999322 -0.131400 0.000000 0.000000 0.000000 1.000000
0.999841 0.016436 0.006851 0.000000 -0.016120 0.998910 -0.043800 6.609300 -0.007563 0.043683 0.999017 -0.131400 0.000000 0.000000 0.000000 1.000000
0.999806 0.018879 0.005542 0.000000 -0.018551 0.998351 -0.054319 6.609300 -0.006558 0.054206 0.998508 -0.131400 0.000000 0.000000 0.000000 1.000000
0.999729 0.023033 0.003463 0.000000 -0.022731 0.997238 -0.070702 6.609300 -0.005082 0.070604 0.997491 -0.131400 0.000000 0.000000 0.000000 1.000000
0.999615 0.027744 0.000039 0.000000 -0.027622 0.995356 -0.092217 6.609300 -0.002597 0.092181 0.995739 -0.131400 0.000000 0.000000 0.000000 1.000000
0.999500 0.031388 -0.003900 -0.000000 -0.031628 0.993090 -0.113012 6.609300 0.000325 0.113079 0.993586 -0.131400 0.000000 0.000000 0.000000 1.000000
0.999407 0.033682 -0.007204 0.000000 -0.034326 0.991239 -0.127544 6.609300 0.002845 0.127715 0.991807 -0.131400 0.000000 0.000000 0.000000 1.000000
0.999322 0.035558 -0.009582 0.000000 -0.036534 0.989972 -0.136460 6.609300 0.004633 0.136717 0.990599 -0.131400 0.000000 0.000000 0.000000 1.000000
0.999225 0.037727 -0.011229 -0.000000 -0.038953 0.988780 -0.144210 6.609300 0.005663 0.144536 0.989483 -0.131400 0.000000 0.000000 0.000000 1.000000
0.999130 0.039886 -0.012183 0.000000 -0.041277 0.987483 -0.152227 6.609300 0.005959 0.152597 0.988271 -0.131400 0.000000 0.000000 0.000000 1.000000
0.999070 0.041233 -0.012580 -0.000000 -0.042705 0.986483 -0.158202 6.609300 0.005887 0.158592 0.987327 -0.131400 0.000000 0.000000 0.000000 1.000000
0.999041 0.041847 -0.012862 0.000000 -0.043372 0.986052 -0.160686 6.609300 0.005959 0.161090 0.986922 -0.131400 0.000000 0.000000 0.000000 1.000000
0.999009 0.042523 -0.013138 0.000000 -0.044081 0.986062 -0.160436 6.609300 0.006133 0.160856 0.986959 -0.131400 0.000000 0.000000 0.000000 1.000000
0.998954 0.043793 -0.013141 0.000000 -0.045321 0.986379 -0.158122 6.609300 0.006038 0.158552 0.987332 -0.131400 0.000000 0.000000 0.000000 1.000000
0.998888 0.045434 -0.012623 0.000000 -0.046835 0.987025 -0.153583 6.609300 0.005481 0.154004 0.988055 -0.131400 0.000000 0.000000 0.000000 1.000000
0.998829 0.047037 -0.011305 -0.000000 -0.048188 0.987985 -0.146847 6.609300 0.004261 0.147220 0.989095 -0.131400 0.000000 0.000000 0.000000 1.000000
0.998807 0.048082 -0.008564 0.000000 -0.048805 0.989143 -0.138616 6.609300 0.001806 0.138869 0.990309 -0.131400 0.000000 0.000000 0.000000 1.000000
0.998839 0.047994 -0.004108 -0.000000 -0.048122 0.990413 -0.129486 6.609300 -0.002146 0.129534 0.991573 -0.131400 0.000000 0.000000 0.000000 1.000000
0.998888 0.047141 0.000850 0.000000 -0.046705 0.991799 -0.118967 6.609300 -0.006451 0.118795 0.992898 -0.131400 0.000000 0.000000 0.000000 1.000000
0.998903 0.046614 0.004480 0.000000 -0.045873 0.993264 -0.106411 6.609300 -0.009410 0.106088 0.994312 -0.131400 0.000000 0.000000 0.000000 1.000000
0.998894 0.046577 0.006450 0.000000 -0.045779 0.994631 -0.092811 6.609300 -0.010739 0.092413 0.995663 -0.131400 0.000000 0.000000 0.000000 1.000000
0.998916 0.045938 0.007564 -0.000000 -0.045188 0.995774 -0.079952 6.609300 -0.011205 0.079524 0.996770 -0.131400 0.000000 0.000000 0.000000 1.000000
0.998995 0.044096 0.008068 0.000000 -0.043443 0.996714 -0.068362 6.609300 -0.011056 0.067943 0.997628 -0.131400 0.000000 0.000000 0.000000 1.000000
0.999101 0.041589 0.008215 -0.000000 -0.041048 0.997494 -0.057632 6.609300 -0.010592 0.057243 0.998304 -0.131400 0.000000 0.000000 0.000000 1.000000
0.999200 0.038985 0.008868 0.000000 -0.038519 0.998116 -0.047752 6.609300 -0.010713 0.047372 0.998820 -0.131400 0.000000 0.000000 0.000000 1.000000
0.999290 0.036284 0.010145 0.000000 -0.035861 0.998588 -0.039196 6.609300 -0.011553 0.038804 0.999180 -0.131400 0.000000 0.000000 0.000000 1.000000
0.999377 0.033470 0.011212 0.000000 -0.033093 0.998932 -0.032255 6.609300 -0.012280 0.031864 0.999417 -0.131400 0.000000 0.000000 0.000000 1.000000
0.999459 0.030685 0.011847 0.000000 -0.030362 0.999187 -0.026520 6.609300 -0.012651 0.026146 0.999578 -0.131400 0.000000 0.000000 0.000000 1.000000
0.999508 0.028793 0.012418 0.000000 -0.028526 0.999370 -0.021120 6.609300 -0.013018 0.020755 0.999700 -0.131400 0.000000 0.000000 0.000000 1.000000
0.999531 0.027801 0.012879 0.000000 -0.027599 0.999497 -0.015603 6.609300 -0.013306 0.015241 0.999795 -0.131400 0.000000 0.000000 0.000000 1.000000
0.999541 0.027444 0.012824 0.000000 -0.027314 0.999575 -0.010228 6.609300 -0.013099 0.009873 0.999865 -0.131400 0.000000 0.000000 0.000000 1.000000
0.999554 0.027029 0.012729 0.000000 -0.026963 0.999622 -0.005318 6.609300 -0.012868 0.004972 0.999905 -0.131400 0.000000 0.000000 0.000000 1.000000
0.999572 0.026081 0.013218 0.000000 -0.026072 0.999660 -0.000921 6.609300 -0.013238 0.000576 0.999912 -0.131400 0.000000 0.000000 0.000000 1.000000
0.999580 0.025003 0.014628 0.000000 -0.025049 0.999682 0.002951 6.609300 -0.014550 -0.003316 0.999889 -0.131400 0.000000 0.000000 0.000000 1.000000
0.999578 0.024202 0.016051 0.000000 -0.024304 0.999685 0.006236 6.609300 -0.015895 -0.006624 0.999852 -0.131400 0.000000 0.000000 0.000000 1.000000
0.999587 0.023556 0.016473 0.000000 -0.023708 0.999678 0.009089 6.609300 -0.016254 -0.009475 0.999823 -0.131400 0.000000 0.000000 0.000000 1.000000
0.999617 0.022588 0.016015 -0.000000 -0.022783 0.999668 0.012075 6.609300 -0.015737 -0.012435 0.999799 -0.131400 0.000000 0.000000 0.000000 1.000000
0.999662 0.020845 0.015558 0.000000 -0.021090 0.999653 0.015759 6.609300 -0.015225 -0.016082 0.999755 -0.131400 0.000000 0.000000 0.000000 1.000000
0.999702 0.018695 0.015676 0.000000 -0.019004 0.999623 0.019818 6.609300 -0.015300 -0.020110 0.999681 -0.131400 0.000000 0.000000 0.000000 1.000000
0.999728 0.016720 0.016244 0.000000 -0.017092 0.999588 0.023077 6.609300 -0.015851 -0.023349 0.999602 -0.131400 0.000000 0.000000 0.000000 1.000000
0.999747 0.014944 0.016819 -0.000000 -0.015360 0.999572 0.024884 6.609300 -0.016440 -0.025136 0.999549 -0.131400 0.000000 0.000000 0.000000 1.000000
0.999766 0.013144 0.017162 0.000000 -0.013590 0.999566 0.026125 6.609300 -0.016811 -0.026353 0.999511 -0.131400 0.000000 0.000000 0.000000 1.000000
0.999790 0.011306 0.017113 -0.000000 -0.011780 0.999542 0.027870 6.609300 -0.016790 -0.028066 0.999465 -0.131400 0.000000 0.000000 0.000000 1.000000
0.999819 0.009748 0.016356 0.000000 -0.010227 0.999513 0.029478 6.609300 -0.016060 -0.029640 0.999432 -0.131400 0.000000 0.000000 0.000000 1.000000
0.999849 0.008812 0.014951 -0.000000 -0.009257 0.999508 0.029972 6.609300 -0.014680 -0.030106 0.999439 -0.131400 0.000000 0.000000 0.000000 1.000000
0.999872 0.008431 0.013599 -0.000000 -0.008836 0.999511 0.030011 6.609300 -0.013339 -0.030127 0.999457 -0.131400 0.000000 0.000000 0.000000 1.000000
0.999883 0.008206 0.012902 -0.000000 -0.008597 0.999496 0.030549 6.609300 -0.012645 -0.030656 0.999450 -0.131400 0.000000 0.000000 0.000000 1.000000
0.999885 0.007982 0.012864 0.000000 -0.008379 0.999481 0.031095 6.609300 -0.012609 -0.031199 0.999434 -0.131400 0.000000 0.000000 0.000000 1.000000
0.999884 0.007679 0.013157 -0.000000 -0.008079 0.999499 0.030600 6.609300 -0.012915 -0.030702 0.999445 -0.131400 0.000000 0.000000 0.000000 1.000000
0.999881 0.007361 0.013564 0.000000 -0.007753 0.999548 0.029053 6.609300 -0.013344 -0.029155 0.999486 -0.131400 0.000000 0.000000 0.000000 1.000000
0.999875 0.007234 0.014081 -0.000000 -0.007618 0.999595 0.027418 6.609300 -0.013877 -0.027522 0.999525 -0.131400 0.000000 0.000000 0.000000 1.000000
0.999862 0.007778 0.014703 -0.000000 -0.008163 0.999621 0.026287 6.609300 -0.014493 -0.026403 0.999546 -0.131400 0.000000 0.000000 0.000000 1.000000
0.999847 0.008388 0.015334 -0.000000 -0.008778 0.999636 0.025492 6.609300 -0.015114 -0.025623 0.999557 -0.131400 0.000000 0.000000 0.000000 1.000000
0.999832 0.008888 0.016019 0.000000 -0.009283 0.999650 0.024776 6.609300 -0.015793 -0.024920 0.999565 -0.131400 0.000000 0.000000 0.000000 1.000000
0.999817 0.009152 0.016790 -0.000000 -0.009554 0.999666 0.024031 6.609300 -0.016564 -0.024187 0.999570 -0.131400 0.000000 0.000000 0.000000 1.000000
0.999808 0.009128 0.017367 -0.000000 -0.009530 0.999686 0.023155 6.609300 -0.017150 -0.023316 0.999581 -0.131400 0.000000 0.000000 0.000000 1.000000
0.999804 0.009379 0.017435 0.000000 -0.009763 0.999708 0.022108 6.609300 -0.017223 -0.022274 0.999604 -0.131400 0.000000 0.000000 0.000000 1.000000
0.999809 0.009656 0.016970 -0.000000 -0.010011 0.999730 0.020987 6.609300 -0.016763 -0.021153 0.999636 -0.131400 0.000000 0.000000 0.000000 1.000000
0.999820 0.009846 0.016237 0.000000 -0.010168 0.999751 0.019866 6.609300 -0.016037 -0.020027 0.999671 -0.131400 0.000000 0.000000 0.000000 1.000000
0.999830 0.009972 0.015513 0.000000 -0.010261 0.999772 0.018720 6.609300 -0.015323 -0.018876 0.999704 -0.131400 0.000000 0.000000 0.000000 1.000000
0.999840 0.009983 0.014828 0.000000 -0.010243 0.999793 0.017582 6.609300 -0.014650 -0.017731 0.999735 -0.131400 0.000000 0.000000 0.000000 1.000000
0.999851 0.009819 0.014200 0.000000 -0.010055 0.999811 0.016650 6.609300 -0.014034 -0.016790 0.999761 -0.131400 0.000000 0.000000 0.000000 1.000000
0.999855 0.009672 0.013989 0.000000 -0.009896 0.999823 0.016031 6.609300 -0.013831 -0.016167 0.999774 -0.131400 0.000000 0.000000 0.000000 1.000000
0.999853 0.009678 0.014118 -0.000000 -0.009896 0.999831 0.015506 6.609300 -0.013966 -0.015643 0.999780 -0.131400 0.000000 0.000000 0.000000 1.000000
0.999855 0.009725 0.013983 -0.000000 -0.009933 0.999839 0.014924 6.609300 -0.013836 -0.015061 0.999791 -0.131400 0.000000 0.000000 0.000000 1.000000
0.999867 0.009644 0.013167 0.000000 -0.009835 0.999846 0.014535 6.609300 -0.013025 -0.014663 0.999808 -0.131400 0.000000 0.000000 0.000000 1.000000
0.999883 0.009418 0.012027 0.000000 -0.009592 0.999849 0.014458 6.609300 -0.011889 -0.014572 0.999823 -0.131400 0.000000 0.000000 0.000000 1.000000
0.999896 0.009291 0.011053 0.000000 -0.009450 0.999852 0.014376 6.609300 -0.010918 -0.014479 0.999836 -0.131400 0.000000 0.000000 0.000000 1.000000
0.999905 0.009176 0.010317 0.000000 -0.009322 0.999856 0.014181 6.609300 -0.010186 -0.014276 0.999846 -0.131400 0.000000 0.000000 0.000000 1.000000</float_array>
        <technique_common>
          <accessor source="#mixamorig1_Spine-Matrix-animation-output-transform-array" count="83" stride="16">
            <param type="float4x4"/>
          </accessor>
        </technique_common>
      </source>
      <source id="mixamorig1_Spine-Interpolations">
        <Name_array id="mixamorig1_Spine-Interpolations-array" count="83">
 LINEAR LINEAR LINEAR LINEAR LINEAR LINEAR LINEAR LINEAR LINEAR LINEAR LINEAR
LINEAR LINEAR LINEAR LINEAR LINEAR LINEAR LINEAR LINEAR LINEAR LINEAR LINEAR LINEAR
LINEAR LINEAR LINEAR LINEAR LINEAR LINEAR LINEAR LINEAR LINEAR LINEAR LINEAR LINEAR
LINEAR LINEAR LINEAR LINEAR LINEAR LINEAR LINEAR LINEAR LINEAR LINEAR LINEAR LINEAR
LINEAR LINEAR LINEAR LINEAR LINEAR LINEAR LINEAR LINEAR LINEAR LINEAR LINEAR LINEAR
LINEAR LINEAR LINEAR LINEAR LINEAR LINEAR LINEAR LINEAR LINEAR LINEAR LINEAR LINEAR
LINEAR LINEAR LINEAR LINEAR LINEAR LINEAR LINEAR LINEAR LINEAR LINEAR LINEAR LINEAR</Name_array>
        <technique_common>
          <accessor source="#mixamorig1_Spine-Interpolations-array" count="83">
            <param type="name"/>
          </accessor>
        </technique_common>
      </source>
      <sampler id="mixamorig1_Spine-Matrix-animation-transform">
        <input semantic="INPUT" source="#mixamorig1_Spine-Matrix-animation-input"/>
        <input semantic="OUTPUT" source="#mixamorig1_Spine-Matrix-animation-output-transform"/>
        <input semantic="INTERPOLATION" source="#mixamorig1_Spine-Interpolations"/>
      </sampler>
      <channel source="#mixamorig1_Spine-Matrix-animation-transform" target="mixamorig1_Spine/matrix"/>
    </animation>
    <animation id="mixamorig1_Spine1-anim" name="mixamorig1_Spine1">
      <source id="mixamorig1_Spine1-Matrix-animation-input">
        <float_array id="mixamorig1_Spine1-Matrix-animation-input-array" count="83">

0.000000 0.033333 0.066667 0.100000 0.133333 0.166667 0.200000 0.233333 0.266667 0.300000 0.333333 0.366667 0.400000 0.433333 0.466667 0.500000
0.533333 0.566667 0.600000 0.633333 0.666667 0.700000 0.733333 0.766667 0.800000 0.833333 0.866667 0.900000 0.933333 0.966667 1.000000 1.033333
1.066667 1.100000 1.133333 1.166667 1.200000 1.233333 1.266667 1.300000 1.333333 1.366667 1.400000 1.433333 1.466667 1.500000 1.533333 1.566667
1.600000 1.633333 1.666667 1.700000 1.733333 1.766667 1.800000 1.833333 1.866667 1.900000 1.933333 1.966667 2.000000 2.033333 2.066667 2.100000
2.133333 2.166667 2.200000 2.233333 2.266667 2.300000 2.333333 2.366667 2.400000 2.433333 2.466667 2.500000 2.533333 2.566667 2.600000 2.633333
2.666667 2.700000 2.733333</float_array>
        <technique_common>
          <accessor source="#mixamorig1_Spine1-Matrix-animation-input-array" count="83">
            <param name="TIME" type="float"/>
          </accessor>
        </technique_common>
      </source>
      <source id="mixamorig1_Spine1-Matrix-animation-output-transform">
        <float_array id="mixamorig1_Spine1-Matrix-animation-output-transform-array" count="1328">

0.999806 0.007006 0.018384 -0.000000 -0.007239 0.999893 0.012689 7.712300 -0.018293 -0.012820 0.999750 -0.000000 0.000000 0.000000 0.000000 1.000000
0.999803 0.007001 0.018585 0.000000 -0.007238 0.999893 0.012689 7.712300 -0.018494 -0.012821 0.999747 0.000000 0.000000 0.000000 0.000000 1.000000
0.999798 0.006997 0.018833 0.000000 -0.007232 0.999896 0.012466 7.712300 -0.018744 -0.012599 0.999745 -0.000000 0.000000 0.000000 0.000000 1.000000
0.999793 0.006991 0.019117 0.000000 -0.007220 0.999902 0.011956 7.712300 -0.019032 -0.012092 0.999746 -0.000000 0.000000 0.000000 0.000000 1.000000
0.999785 0.007163 0.019437 -0.000000 -0.007382 0.999910 0.011229 7.712300 -0.019355 -0.011370 0.999748 -0.000000 0.000000 0.000000 0.000000 1.000000
0.999781 0.007369 0.019610 0.000000 -0.007576 0.999916 0.010530 7.712300 -0.019531 -0.010676 0.999752 -0.000000 0.000000 0.000000 0.000000 1.000000
0.999780 0.007545 0.019568 0.000000 -0.007743 0.999919 0.010070 7.712300 -0.019491 -0.010220 0.999758 -0.000000 0.000000 0.000000 0.000000 1.000000
0.999780 0.007674 0.019513 0.000000 -0.007865 0.999922 0.009738 7.712300 -0.019437 -0.009889 0.999762 0.000000 0.000000 0.000000 0.000000 1.000000
0.999780 0.007756 0.019468 -0.000000 -0.007934 0.999927 0.009095 7.712300 -0.019396 -0.009248 0.999769 0.000000 0.000000 0.000000 0.000000 1.000000
0.999781 0.007789 0.019416 0.000000 -0.007942 0.999938 0.007800 7.712300 -0.019354 -0.007952 0.999781 -0.000000 0.000000 0.000000 0.000000 1.000000
0.999783 0.007806 0.019310 0.000000 -0.007922 0.999951 0.005945 7.712300 -0.019263 -0.006097 0.999796 0.000000 0.000000 0.000000 0.000000 1.000000
0.999787 0.007834 0.019071 0.000000 -0.007905 0.999962 0.003675 7.712300 -0.019042 -0.003825 0.999811 -0.000000 0.000000 0.000000 0.000000 1.000000
0.999793 0.007897 0.018736 0.000000 -0.007913 0.999968 0.000798 7.712300 -0.018729 -0.000946 0.999824 0.000000 0.000000 0.000000 0.000000 1.000000
0.999800 0.008087 0.018298 0.000000 -0.008040 0.999964 -0.002656 7.712300 -0.018319 0.002509 0.999829 0.000000 0.000000 0.000000 0.000000 1.000000
0.999807 0.008404 0.017780 -0.000000 -0.008295 0.999946 -0.006182 7.712300 -0.017831 0.006033 0.999823 0.000000 0.000000 0.000000 0.000000 1.000000
0.999811 0.008790 0.017341 0.000000 -0.008623 0.999916 -0.009673 7.712300 -0.017424 0.009521 0.999803 0.000000 0.000000 0.000000 0.000000 1.000000
0.999812 0.009343 0.016997 0.000000 -0.009108 0.999862 -0.013861 7.712300 -0.017124 0.013703 0.999759 -0.000000 0.000000 0.000000 0.000000 1.000000
0.999812 0.010249 0.016474 0.000000 -0.009926 0.999760 -0.019526 7.712300 -0.016671 0.019358 0.999674 -0.000000 0.000000 0.000000 0.000000 1.000000
0.999813 0.011452 0.015583 0.000000 -0.011036 0.999587 -0.026538 7.712300 -0.015880 0.026361 0.999526 -0.000000 0.000000 0.000000 0.000000 1.000000
0.999815 0.012649 0.014512 -0.000000 -0.012153 0.999357 -0.033741 7.712300 -0.014929 0.033558 0.999325 0.000000 0.000000 0.000000 0.000000 1.000000
0.999814 0.013652 0.013590 -0.000000 -0.013100 0.999116 -0.039948 7.712300 -0.014123 0.039762 0.999109 -0.000000 0.000000 0.000000 0.000000 1.000000
0.999811 0.014497 0.012944 0.000000 -0.013902 0.998891 -0.044978 7.712300 -0.013581 0.044790 0.998904 -0.000000 0.000000 0.000000 0.000000 1.000000
0.999806 0.015230 0.012522 -0.000000 -0.014596 0.998677 -0.049303 7.712300 -0.013256 0.049111 0.998705 0.000000 0.000000 0.000000 0.000000 1.000000
0.999800 0.015769 0.012281 0.000000 -0.015097 0.998481 -0.052992 7.712300 -0.013098 0.052796 0.998519 -0.000000 0.000000 0.000000 0.000000 1.000000
0.999798 0.015982 0.012208 0.000000 -0.015279 0.998335 -0.055615 7.712300 -0.013077 0.055417 0.998378 0.000000 0.000000 0.000000 0.000000 1.000000
0.999798 0.015980 0.012183 0.000000 -0.015262 0.998263 -0.056905 7.712300 -0.013071 0.056707 0.998305 0.000000 0.000000 0.000000 0.000000 1.000000
0.999799 0.015900 0.012190 -0.000000 -0.015181 0.998263 -0.056930 7.712300 -0.013074 0.056734 0.998304 -0.000000 0.000000 0.000000 0.000000 1.000000
0.999801 0.015777 0.012238 0.000000 -0.015071 0.998328 -0.055800 7.712300 -0.013098 0.055604 0.998367 0.000000 0.000000 0.000000 0.000000 1.000000
0.999802 0.015544 0.012418 0.000000 -0.014858 0.998452 -0.053591 7.712300 -0.013232 0.053396 0.998486 0.000000 0.000000 0.000000 0.000000 1.000000
0.999802 0.015219 0.012821 0.000000 -0.014553 0.998619 -0.050474 7.712300 -0.013571 0.050278 0.998643 -0.000000 0.000000 0.000000 0.000000 1.000000
0.999797 0.014851 0.013616 -0.000000 -0.014201 0.998808 -0.046698 7.712300 -0.014293 0.046495 0.998816 0.000000 0.000000 0.000000 0.000000 1.000000
0.999786 0.014434 0.014848 0.000000 -0.013793 0.999004 -0.042441 7.712300 -0.015445 0.042227 0.998989 -0.000000 0.000000 0.000000 0.000000 1.000000
0.999771 0.014008 0.016189 0.000000 -0.013390 0.999200 -0.037696 7.712300 -0.016704 0.037471 0.999158 0.000000 0.000000 0.000000 0.000000 1.000000
0.999759 0.013685 0.017178 0.000000 -0.013122 0.999386 -0.032477 7.712300 -0.017612 0.032244 0.999325 -0.000000 0.000000 0.000000 0.000000 1.000000
0.999752 0.013457 0.017720 -0.000000 -0.012974 0.999549 -0.027091 7.712300 -0.018076 0.026854 0.999476 0.000000 0.000000 0.000000 0.000000 1.000000
0.999751 0.013197 0.017994 -0.000000 -0.012802 0.999678 -0.021899 7.712300 -0.018277 0.021663 0.999598 0.000000 0.000000 0.000000 0.000000 1.000000
0.999754 0.012871 0.018042 0.000000 -0.012565 0.999777 -0.016954 7.712300 -0.018256 0.016723 0.999693 -0.000000 0.000000 0.000000 0.000000 1.000000
0.999759 0.012539 0.018036 0.000000 -0.012319 0.999849 -0.012246 7.712300 -0.018186 0.012021 0.999762 0.000000 0.000000 0.000000 0.000000 1.000000
0.999762 0.012145 0.018149 -0.000000 -0.012002 0.999896 -0.007997 7.712300 -0.018245 0.007778 0.999803 0.000000 0.000000 0.000000 0.000000 1.000000
0.999763 0.011572 0.018438 0.000000 -0.011491 0.999924 -0.004450 7.712300 -0.018488 0.004237 0.999820 0.000000 0.000000 0.000000 0.000000 1.000000
0.999767 0.010872 0.018673 0.000000 -0.010844 0.999940 -0.001604 7.712300 -0.018689 0.001401 0.999824 0.000000 0.000000 0.000000 0.000000 1.000000
0.999771 0.010250 0.018793 0.000000 -0.010266 0.999947 0.000736 7.712300 -0.018784 -0.000929 0.999823 0.000000 0.000000 0.000000 0.000000 1.000000
0.999774 0.009784 0.018860 0.000000 -0.009839 0.999948 0.002795 7.712300 -0.018831 -0.002980 0.999818 0.000000 0.000000 0.000000 0.000000 1.000000
0.999777 0.009449 0.018887 -0.000000 -0.009540 0.999943 0.004739 7.712300 -0.018841 -0.004918 0.999810 0.000000 0.000000 0.000000 0.000000 1.000000
0.999778 0.009270 0.018908 0.000000 -0.009396 0.999934 0.006624 7.712300 -0.018845 -0.006800 0.999799 0.000000 0.000000 0.000000 0.000000 1.000000
0.999778 0.009206 0.018962 0.000000 -0.009367 0.999921 0.008381 7.712300 -0.018884 -0.008557 0.999785 0.000000 0.000000 0.000000 0.000000 1.000000
0.999775 0.009154 0.019119 0.000000 -0.009345 0.999907 0.009893 7.712300 -0.019026 -0.010069 0.999768 0.000000 0.000000 0.000000 0.000000 1.000000
0.999768 0.009109 0.019510 0.000000 -0.009327 0.999895 0.011098 7.712300 -0.019406 -0.011277 0.999748 0.000000 0.000000 0.000000 0.000000 1.000000
0.999761 0.009070 0.019900 -0.000000 -0.009311 0.999884 0.012062 7.712300 -0.019788 -0.012244 0.999729 0.000000 0.000000 0.000000 0.000000 1.000000
0.999759 0.009019 0.019994 -0.000000 -0.009279 0.999873 0.012921 7.712300 -0.019875 -0.013104 0.999717 0.000000 0.000000 0.000000 0.000000 1.000000
