<?xml version="1.0" encoding="utf-8"?>
<COLLADA xmlns="http://www.collada.org/2005/11/COLLADASchema" version="1.4.1">
  <asset>
    <contributor>
      <author>Mixamo</author>
      <authoring_tool>COLLADA Mixamo exporter</authoring_tool>
      <comments/>
    </contributor>
    <created>2023-08-20T06:31:15Z</created>
    <modified>2023-08-20T06:31:15Z</modified>
    <revision/>
    <title/>
    <unit meter="0.010000"/>
    <up_axis>Y_UP</up_axis>
  </asset>
  <library_animations>
    <animation id="mixamorig1_Hips-anim" name="mixamorig1_Hips">
      <source id="mixamorig1_Hips-Matrix-animation-input">
        <float_array id="mixamorig1_Hips-Matrix-animation-input-array" count="251">

0.000000 0.033333 0.066667 0.100000 0.133333 0.166667 0.200000 0.233333 0.266667 0.300000 0.333333 0.366667 0.400000 0.433333 0.466667 0.500000
0.533333 0.566667 0.600000 0.633333 0.666667 0.700000 0.733333 0.766667 0.800000 0.833333 0.866667 0.900000 0.933333 0.966667 1.000000 1.033333
1.066667 1.100000 1.133333 1.166667 1.200000 1.233333 1.266667 1.300000 1.333333 1.366667 1.400000 1.433333 1.466667 1.500000 1.533333 1.566667
1.600000 1.633333 1.666667 1.700000 1.733333 1.766667 1.800000 1.833333 1.866667 1.900000 1.933333 1.966667 2.000000 2.033333 2.066667 2.100000
2.133333 2.166667 2.200000 2.233333 2.266667 2.300000 2.333333 2.366667 2.400000 2.433333 2.466667 2.500000 2.533333 2.566667 2.600000 2.633333
2.666667 2.700000 2.733333 2.766667 2.800000 2.833333 2.866667 2.900000 2.933333 2.966667 3.000000 3.033333 3.066667 3.100000 3.133333 3.166667
3.200000 3.233333 3.266667 3.300000 3.333333 3.366667 3.400000 3.433333 3.466667 3.500000 3.533333 3.566667 3.600000 3.633333 3.666667 3.700000
3.733333 3.766667 3.800000 3.833333 3.866667 3.900000 3.933333 3.966667 4.000000 4.033333 4.066667 4.100000 4.133333 4.166667 4.200000 4.233333
4.266667 4.300000 4.333333 4.366667 4.400000 4.433333 4.466667 4.500000 4.533333 4.566667 4.600000 4.633333 4.666667 4.700000 4.733333 4.766667
4.800000 4.833333 4.866667 4.900000 4.933333 4.966667 5.000000 5.033333 5.066667 5.100000 5.133333 5.166667 5.200000 5.233333 5.266667 5.300000
5.333333 5.366667 5.400000 5.433333 5.466667 5.500000 5.533333 5.566667 5.600000 5.633333 5.666667 5.700000 5.733333 5.766667 5.800000 5.833333
5.866667 5.900000 5.933333 5.966667 6.000000 6.033333 6.066667 6.100000 6.133333 6.166667 6.200000 6.233333 6.266667 6.300000 6.333333 6.366667
6.400000 6.433333 6.466667 6.500000 6.533333 6.566667 6.600000 6.633333 6.666667 6.700000 6.733333 6.766667 6.800000 6.833333 6.866667 6.900000
6.933333 6.966667 7.000000 7.033333 7.066667 7.100000 7.133333 7.166667 7.200000 7.233333 7.266667 7.300000 7.333333 7.366667 7.400000 7.433333
7.466667 7.500000 7.533333 7.566667 7.600000 7.633333 7.666667 7.700000 7.733333 7.766667 7.800000 7.833333 7.866667 7.900000 7.933333 7.966667
8.000000 8.033333 8.066667 8.100000 8.133333 8.166667 8.200000 8.233333 8.266667 8.300000 8.333333</float_array>
        <technique_common>
          <accessor source="#mixamorig1_Hips-Matrix-animation-input-array" count="251">
            <param name="TIME" type="float"/>
          </accessor>
        </technique_common>
      </source>
      <source id="mixamorig1_Hips-Matrix-animation-output-transform">
        <float_array id="mixamorig1_Hips-Matrix-animation-output-transform-array" count="4016">

0.994514 0.100929 0.027482 0.684490 -0.101381 0.994726 0.015590 94.301811 -0.025764 -0.018290 0.999501 0.030340 0.000000 0.000000 0.000000 1.000000
0.994501 0.101037 0.027553 0.695536 -0.101487 0.994717 0.015467 94.304207 -0.025845 -0.018178 0.999501 0.055890 0.000000 0.000000 0.000000 1.000000
0.994483 0.101172 0.027724 0.706530 -0.101623 0.994704 0.015378 94.307838 -0.026021 -0.018111 0.999497 0.081442 0.000000 0.000000 0.000000 1.000000
0.994460 0.101324 0.027962 0.717643 -0.101777 0.994689 0.015303 94.311737 -0.026263 -0.018064 0.999492 0.106742 0.000000 0.000000 0.000000 1.000000
0.994438 0.101485 0.028192 0.729189 -0.101941 0.994674 0.015221 94.314659 -0.026497 -0.018010 0.999487 0.131335 0.000000 0.000000 0.000000 1.000000
0.994417 0.101644 0.028335 0.741140 -0.102100 0.994659 0.015128 94.316116 -0.026646 -0.017937 0.999484 0.154697 0.000000 0.000000 0.000000 1.000000
0.994398 0.101819 0.028375 0.753697 -0.102273 0.994643 0.015047 94.316864 -0.026691 -0.017865 0.999484 0.176582 0.000000 0.000000 0.000000 1.000000
0.994378 0.102024 0.028353 0.766859 -0.102476 0.994622 0.014994 94.317741 -0.026671 -0.017815 0.999485 0.197096 0.000000 0.000000 0.000000 1.000000
0.994354 0.102266 0.028322 0.780731 -0.102717 0.994598 0.014960 94.318565 -0.026639 -0.017785 0.999487 0.216523 0.000000 0.000000 0.000000 1.000000
0.994326 0.102539 0.028325 0.795253 -0.102989 0.994571 0.014917 94.318375 -0.026641 -0.017750 0.999487 0.234939 0.000000 0.000000 0.000000 1.000000
0.994293 0.102841 0.028385 0.810539 -0.103291 0.994541 0.014837 94.316605 -0.026704 -0.017684 0.999487 0.252116 0.000000 0.000000 0.000000 1.000000
0.994255 0.103181 0.028482 0.826503 -0.103628 0.994508 0.014696 94.314003 -0.026809 -0.017563 0.999486 0.267872 0.000000 0.000000 0.000000 1.000000
0.994216 0.103538 0.028530 0.842467 -0.103980 0.994474 0.014470 94.312141 -0.026874 -0.017352 0.999488 0.282352 0.000000 0.000000 0.000000 1.000000
0.994185 0.103864 0.028443 0.857288 -0.104295 0.994446 0.014142 94.312317 -0.026816 -0.017026 0.999495 0.295895 0.000000 0.000000 0.000000 1.000000
0.994165 0.104106 0.028234 0.870137 -0.104523 0.994428 0.013724 94.314964 -0.026648 -0.016595 0.999507 0.308628 0.000000 0.000000 0.000000 1.000000
0.994157 0.104238 0.028030 0.881299 -0.104639 0.994422 0.013253 94.319946 -0.026493 -0.016109 0.999519 0.320466 0.000000 0.000000 0.000000 1.000000
0.994157 0.104260 0.027972 0.892061 -0.104647 0.994427 0.012766 94.326942 -0.026485 -0.015619 0.999527 0.331549 0.000000 0.000000 0.000000 1.000000
0.994160 0.104199 0.028090 0.903649 -0.104576 0.994441 0.012285 94.334869 -0.026654 -0.015150 0.999530 0.342453 0.000000 0.000000 0.000000 1.000000
0.994163 0.104108 0.028308 0.916297 -0.104475 0.994457 0.011825 94.341766 -0.026920 -0.014713 0.999529 0.353755 0.000000 0.000000 0.000000 1.000000
0.994163 0.104051 0.028518 0.929580 -0.104410 0.994469 0.011409 94.345711 -0.027173 -0.014320 0.999528 0.365465 0.000000 0.000000 0.000000 1.000000
0.994158 0.104061 0.028669 0.942829 -0.104413 0.994473 0.011058 94.346504 -0.027360 -0.013986 0.999528 0.377004 0.000000 0.000000 0.000000 1.000000
0.994147 0.104133 0.028767 0.955693 -0.104479 0.994469 0.010779 94.346016 -0.027485 -0.013721 0.999528 0.387765 0.000000 0.000000 0.000000 1.000000
0.994136 0.104232 0.028815 0.968018 -0.104572 0.994461 0.010568 94.347054 -0.027554 -0.013519 0.999529 0.397350 0.000000 0.000000 0.000000 1.000000
0.994128 0.104319 0.028774 0.979761 -0.104655 0.994454 0.010414 94.350777 -0.027528 -0.013364 0.999532 0.405317 0.000000 0.000000 0.000000 1.000000
0.994127 0.104378 0.028574 0.991020 -0.104708 0.994450 0.010298 94.356445 -0.027340 -0.013229 0.999539 0.410961 0.000000 0.000000 0.000000 1.000000
0.994134 0.104415 0.028188 1.002199 -0.104736 0.994448 0.010179 94.361786 -0.026968 -0.013072 0.999551 0.413547 0.000000 0.000000 0.000000 1.000000
0.994144 0.104464 0.027666 1.013908 -0.104775 0.994446 0.010017 94.364594 -0.026466 -0.012857 0.999567 0.412707 0.000000 0.000000 0.000000 1.000000
0.994148 0.104575 0.027106 1.026598 -0.104873 0.994437 0.009814 94.363892 -0.025929 -0.012599 0.999584 0.408535 0.000000 0.000000 0.000000 1.000000
0.994141 0.104774 0.026580 1.040522 -0.105061 0.994419 0.009629 94.360497 -0.025423 -0.012365 0.999600 0.401423 0.000000 0.000000 0.000000 1.000000
0.994126 0.105035 0.026095 1.055513 -0.105314 0.994393 0.009535 94.356285 -0.024947 -0.012227 0.999614 0.392076 0.000000 0.000000 0.000000 1.000000
0.994110 0.105305 0.025620 1.071316 -0.105579 0.994365 0.009560 94.352905 -0.024469 -0.012208 0.999626 0.381635 0.000000 0.000000 0.000000 1.000000
0.994097 0.105547 0.025135 1.087867 -0.105818 0.994339 0.009673 94.350922 -0.023972 -0.012276 0.999637 0.371411 0.000000 0.000000 0.000000 1.000000
0.994085 0.105763 0.024668 1.105178 -0.106031 0.994314 0.009827 94.349930 -0.023489 -0.012384 0.999647 0.362234 0.000000 0.000000 0.000000 1.000000
0.994072 0.105970 0.024297 1.123138 -0.106237 0.994291 0.009983 94.348999 -0.023101 -0.012505 0.999655 0.354062 0.000000 0.000000 0.000000 1.000000
0.994055 0.106174 0.024112 1.141503 -0.106442 0.994267 0.010117 94.347412 -0.022900 -0.012623 0.999658 0.346301 0.000000 0.000000 0.000000 1.000000
0.994033 0.106372 0.024161 1.160315 -0.106643 0.994245 0.010219 94.345070 -0.022935 -0.012735 0.999656 0.338614 0.000000 0.000000 0.000000 1.000000
0.994006 0.106563 0.024410 1.179533 -0.106840 0.994223 0.010312 94.342934 -0.023170 -0.012858 0.999649 0.331370 0.000000 0.000000 0.000000 1.000000
0.993977 0.106753 0.024758 1.198942 -0.107037 0.994200 0.010452 94.342133 -0.023499 -0.013039 0.999639 0.325376 0.000000 0.000000 0.000000 1.000000
0.993949 0.106936 0.025084 1.218385 -0.107230 0.994177 0.010681 94.342743 -0.023795 -0.013306 0.999628 0.321183 0.000000 0.000000 0.000000 1.000000
0.993927 0.107099 0.025293 1.237780 -0.107403 0.994155 0.010985 94.343567 -0.023969 -0.013635 0.999620 0.318641 0.000000 0.000000 0.000000 1.000000
0.993909 0.107245 0.025356 1.256963 -0.107558 0.994135 0.011298 94.343277 -0.023995 -0.013956 0.999615 0.317046 0.000000 0.000000 0.000000 1.000000
0.993895 0.107389 0.025322 1.274958 -0.107708 0.994115 0.011564 94.341949 -0.023931 -0.014220 0.999612 0.315716 0.000000 0.000000 0.000000 1.000000
0.993878 0.107550 0.025298 1.290486 -0.107873 0.994095 0.011783 94.340950 -0.023881 -0.014440 0.999611 0.314562 0.000000 0.000000 0.000000 1.000000
0.993857 0.107725 0.025382 1.302297 -0.108055 0.994072 0.012009 94.341507 -0.023938 -0.014678 0.999606 0.314147 0.000000 0.000000 0.000000 1.000000
0.993833 0.107890 0.025603 1.310137 -0.108231 0.994050 0.012294 94.343681 -0.024124 -0.014989 0.999597 0.315186 0.000000 0.000000 0.000000 1.000000
0.993811 0.108019 0.025913 1.314739 -0.108372 0.994030 0.012638 94.346519 -0.024393 -0.015368 0.999584 0.318049 0.000000 0.000000 0.000000 1.000000
0.993792 0.108114 0.026241 1.317206 -0.108481 0.994014 0.012995 94.348633 -0.024679 -0.015761 0.999571 0.322742 0.000000 0.000000 0.000000 1.000000
0.993774 0.108210 0.026544 1.318321 -0.108590 0.993997 0.013323 94.349045 -0.024943 -0.016123 0.999559 0.329308 0.000000 0.000000 0.000000 1.000000
0.993752 0.108340 0.026814 1.318260 -0.108732 0.993978 0.013626 94.347626 -0.025176 -0.016457 0.999548 0.337921 0.000000 0.000000 0.000000 1.000000
0.993729 0.108494 0.027066 1.317003 -0.108898 0.993955 0.013933 94.345253 -0.025391 -0.016793 0.999537 0.348507 0.000000 0.000000 0.000000 1.000000
0.993710 0.108608 0.027302 1.314867 -0.109024 0.993937 0.014252 94.343666 -0.025589 -0.017139 0.999526 0.360434 0.000000 0.000000 0.000000 1.000000
0.993703 0.108617 0.027497 1.312487 -0.109045 0.993930 0.014552 94.344322 -0.025750 -0.017459 0.999516 0.372827 0.000000 0.000000 0.000000 1.000000
0.993712 0.108511 0.027611 1.310448 -0.108947 0.993937 0.014798 94.347221 -0.025838 -0.017713 0.999509 0.385023 0.000000 0.000000 0.000000 1.000000
0.993730 0.108343 0.027620 1.308792 -0.108783 0.993953 0.014987 94.350563 -0.025829 -0.017897 0.999506 0.396561 0.000000 0.000000 0.000000 1.000000
0.993747 0.108207 0.027540 1.307196 -0.108650 0.993965 0.015145 94.351936 -0.025735 -0.018042 0.999506 0.406920 0.000000 0.000000 0.000000 1.000000
0.993753 0.108179 0.027429 1.305405 -0.108625 0.993965 0.015304 94.350212 -0.025607 -0.018188 0.999507 0.415639 0.000000 0.000000 0.000000 1.000000
0.993748 0.108251 0.027338 1.303512 -0.108700 0.993954 0.015471 94.346741 -0.025498 -0.018346 0.999507 0.422818 0.000000 0.000000 0.000000 1.000000
0.993742 0.108318 0.027264 1.301730 -0.108768 0.993944 0.015621 94.344543 -0.025407 -0.018489 0.999506 0.429241 0.000000 0.000000 0.000000 1.000000
0.993753 0.108250 0.027148 1.299977 -0.108701 0.993950 0.015720 94.345818 -0.025282 -0.018573 0.999508 0.435829 0.000000 0.000000 0.000000 1.000000
0.993785 0.108014 0.026933 1.298108 -0.108461 0.993976 0.015747 94.350418 -0.025070 -0.018570 0.999513 0.442987 0.000000 0.000000 0.000000 1.000000
0.993827 0.107696 0.026639 1.295952 -0.108137 0.994012 0.015706 94.355873 -0.024788 -0.018489 0.999522 0.450527 0.000000 0.000000 0.000000 1.000000
0.993864 0.107420 0.026356 1.293497 -0.107853 0.994044 0.015613 94.360016 -0.024522 -0.018360 0.999531 0.458163 0.000000 0.000000 0.000000 1.000000
0.993888 0.107239 0.026190 1.290590 -0.107666 0.994066 0.015486 94.362473 -0.024373 -0.018211 0.999537 0.466001 0.000000 0.000000 0.000000 1.000000
0.993902 0.107114 0.026187 1.286873 -0.107538 0.994083 0.015332 94.364532 -0.024389 -0.018055 0.999539 0.474498 0.000000 0.000000 0.000000 1.000000
0.993912 0.106986 0.026324 1.281934 -0.107408 0.994099 0.015166 94.367477 -0.024546 -0.017901 0.999538 0.484065 0.000000 0.000000 0.000000 1.000000
0.993924 0.106825 0.026534 1.275642 -0.107247 0.994119 0.015004 94.371544 -0.024775 -0.017759 0.999535 0.494751 0.000000 0.000000 0.000000 1.000000
0.993939 0.106634 0.026744 1.268342 -0.107056 0.994142 0.014862 94.376167 -0.025003 -0.017635 0.999532 0.506263 0.000000 0.000000 0.000000 1.000000
0.993957 0.106422 0.026905 1.260746 -0.106844 0.994167 0.014738 94.380829 -0.025179 -0.017524 0.999529 0.518202 0.000000 0.000000 0.000000 1.000000
0.993979 0.106191 0.026992 1.253643 -0.106611 0.994193 0.014621 94.384972 -0.025282 -0.017411 0.999529 0.530076 0.000000 0.000000 0.000000 1.000000
0.994005 0.105947 0.027003 1.247306 -0.106364 0.994222 0.014499 94.388184 -0.025311 -0.017284 0.999530 0.541225 0.000000 0.000000 0.000000 1.000000
0.994032 0.105707 0.026937 1.241282 -0.106120 0.994249 0.014377 94.390541 -0.025263 -0.017150 0.999534 0.550862 0.000000 0.000000 0.000000 1.000000
0.994060 0.105481 0.026790 1.234597 -0.105888 0.994276 0.014266 94.392517 -0.025132 -0.017018 0.999539 0.558374 0.000000 0.000000 0.000000 1.000000
0.994090 0.105264 0.026555 1.226623 -0.105665 0.994301 0.014165 94.394867 -0.024913 -0.016887 0.999547 0.563587 0.000000 0.000000 0.000000 1.000000
0.994121 0.105048 0.026240 1.217550 -0.105440 0.994326 0.014051 94.397568 -0.024615 -0.016735 0.999557 0.566556 0.000000 0.000000 0.000000 1.000000
0.994152 0.104845 0.025866 1.208078 -0.105228 0.994351 0.013905 94.399582 -0.024262 -0.016546 0.999569 0.567169 0.000000 0.000000 0.000000 1.000000
0.994179 0.104690 0.025460 1.198752 -0.105062 0.994371 0.013740 94.400078 -0.023879 -0.016335 0.999581 0.565089 0.000000 0.000000 0.000000 1.000000
0.994199 0.104602 0.025038 1.189818 -0.104964 0.994383 0.013582 94.399338 -0.023477 -0.016131 0.999594 0.560222 0.000000 0.000000 0.000000 1.000000
0.994216 0.104549 0.024591 1.181404 -0.104900 0.994392 0.013444 94.398224 -0.023048 -0.015945 0.999607 0.553155 0.000000 0.000000 0.000000 1.000000
0.994235 0.104474 0.024109 1.173786 -0.104815 0.994403 0.013313 94.397057 -0.022583 -0.015763 0.999621 0.545026 0.000000 0.000000 0.000000 1.000000
0.994261 0.104347 0.023614 1.167180 -0.104677 0.994419 0.013180 94.395630 -0.022107 -0.015576 0.999634 0.536848 0.000000 0.000000 0.000000 1.000000
0.994288 0.104182 0.023178 1.161397 -0.104502 0.994439 0.013060 94.393723 -0.021689 -0.015407 0.999646 0.529007 0.000000 0.000000 0.000000 1.000000
0.994313 0.104011 0.022885 1.155768 -0.104325 0.994458 0.012999 94.392090 -0.021406 -0.015313 0.999654 0.521495 0.000000 0.000000 0.000000 1.000000
0.994332 0.103850 0.022779 1.149508 -0.104164 0.994475 0.013037 94.391983 -0.021299 -0.015336 0.999656 0.514390 0.000000 0.000000 0.000000 1.000000
0.994347 0.103698 0.022842 1.142283 -0.104015 0.994489 0.013168 94.393692 -0.021351 -0.015469 0.999652 0.507980 0.000000 0.000000 0.000000 1.000000
0.994359 0.103538 0.023022 1.134336 -0.103862 0.994502 0.013342 94.396202 -0.021514 -0.015658 0.999646 0.502338 0.000000 0.000000 0.000000 1.000000
0.994372 0.103364 0.023257 1.126281 -0.103695 0.994518 0.013499 94.397858 -0.021734 -0.015835 0.999638 0.497057 0.000000 0.000000 0.000000 1.000000
0.994383 0.103198 0.023495 1.118520 -0.103536 0.994532 0.013620 94.397247 -0.021961 -0.015976 0.999631 0.491409 0.000000 0.000000 0.000000 1.000000
0.994390 0.103090 0.023704 1.111003 -0.103433 0.994542 0.013731 94.394180 -0.022159 -0.016106 0.999625 0.484714 0.000000 0.000000 0.000000 1.000000
0.994387 0.103079 0.023875 1.103217 -0.103428 0.994540 0.013879 94.389130 -0.022314 -0.016271 0.999619 0.476636 0.000000 0.000000 0.000000 1.000000
0.994374 0.103169 0.024016 1.094413 -0.103525 0.994527 0.014080 94.382713 -0.022432 -0.016487 0.999612 0.467480 0.000000 0.000000 0.000000 1.000000
0.994355 0.103320 0.024132 1.083912 -0.103683 0.994508 0.014306 94.375427 -0.022521 -0.016727 0.999606 0.458290 0.000000 0.000000 0.000000 1.000000
0.994337 0.103478 0.024210 1.071390 -0.103847 0.994487 0.014515 94.367859 -0.022575 -0.016947 0.999602 0.450645 0.000000 0.000000 0.000000 1.000000
0.994324 0.103597 0.024234 1.056626 -0.103970 0.994472 0.014690 94.361023 -0.022578 -0.017126 0.999598 0.445831 0.000000 0.000000 0.000000 1.000000
0.994319 0.103648 0.024207 1.039529 -0.104024 0.994464 0.014842 94.356232 -0.022535 -0.017276 0.999597 0.444074 0.000000 0.000000 0.000000 1.000000
0.994324 0.103618 0.024168 1.020230 -0.103997 0.994465 0.014980 94.354416 -0.022482 -0.017408 0.999596 0.444381 0.000000 0.000000 0.000000 1.000000
0.994335 0.103510 0.024157 0.999502 -0.103891 0.994474 0.015083 94.355133 -0.022463 -0.017507 0.999594 0.445349 0.000000 0.000000 0.000000 1.000000
0.994351 0.103348 0.024186 0.978551 -0.103730 0.994491 0.015111 94.356895 -0.022491 -0.017534 0.999593 0.446120 0.000000 0.000000 0.000000 1.000000
0.994369 0.103169 0.024216 0.958511 -0.103550 0.994510 0.015051 94.358116 -0.022530 -0.017474 0.999593 0.446629 0.000000 0.000000 0.000000 1.000000
0.994387 0.102997 0.024201 0.939642 -0.103376 0.994530 0.014940 94.358200 -0.022530 -0.017358 0.999595 0.446985 0.000000 0.000000 0.000000 1.000000
0.994404 0.102846 0.024140 0.921768 -0.103220 0.994548 0.014833 94.357246 -0.022483 -0.017242 0.999599 0.446914 0.000000 0.000000 0.000000 1.000000
0.994418 0.102722 0.024100 0.904678 -0.103094 0.994562 0.014756 94.355560 -0.022453 -0.017158 0.999601 0.445896 0.000000 0.000000 0.000000 1.000000
0.994426 0.102629 0.024168 0.888636 -0.103001 0.994573 0.014693 94.353279 -0.022528 -0.017101 0.999600 0.443706 0.000000 0.000000 0.000000 1.000000
0.994429 0.102553 0.024364 0.874174 -0.102926 0.994582 0.014613 94.350403 -0.022734 -0.017039 0.999596 0.440624 0.000000 0.000000 0.000000 1.000000
0.994432 0.102470 0.024597 0.861508 -0.102845 0.994592 0.014503 94.347748 -0.022978 -0.016952 0.999592 0.437145 0.000000 0.000000 0.000000 1.000000
0.994440 0.102359 0.024718 0.850336 -0.102733 0.994605 0.014371 94.346054 -0.023113 -0.016831 0.999591 0.433460 0.000000 0.000000 0.000000 1.000000
0.994457 0.102210 0.024657 0.840297 -0.102579 0.994623 0.014220 94.345627 -0.023071 -0.016670 0.999595 0.429254 0.000000 0.000000 0.000000 1.000000
0.994479 0.102038 0.024492 0.831474 -0.102400 0.994644 0.014028 94.345985 -0.022930 -0.016458 0.999602 0.424088 0.000000 0.000000 0.000000 1.000000
0.994498 0.101884 0.024367 0.824260 -0.102238 0.994664 0.013783 94.346245 -0.022833 -0.016198 0.999608 0.417900 0.000000 0.000000 0.000000 1.000000
0.994508 0.101791 0.024351 0.818811 -0.102139 0.994678 0.013506 94.345718 -0.022847 -0.015919 0.999612 0.411126 0.000000 0.000000 0.000000 1.000000
0.994507 0.101791 0.024390 0.814880 -0.102133 0.994683 0.013243 94.344154 -0.022912 -0.015661 0.999615 0.404349 0.000000 0.000000 0.000000 1.000000
0.994499 0.101868 0.024371 0.812146 -0.102205 0.994678 0.013015 94.341660 -0.022915 -0.015434 0.999618 0.397859 0.000000 0.000000 0.000000 1.000000
0.994493 0.101966 0.024227 0.810777 -0.102296 0.994672 0.012805 94.339005 -0.022792 -0.015213 0.999624 0.391726 0.000000 0.000000 0.000000 1.000000
0.994494 0.102019 0.023972 0.810871 -0.102341 0.994670 0.012585 94.337418 -0.022560 -0.014969 0.999633 0.386117 0.000000 0.000000 0.000000 1.000000
0.994501 0.102010 0.023681 0.812336 -0.102322 0.994675 0.012349 94.337753 -0.022296 -0.014705 0.999643 0.381332 0.000000 0.000000 0.000000 1.000000
0.994510 0.101981 0.023455 0.815046 -0.102284 0.994681 0.012122 94.339584 -0.022094 -0.014455 0.999651 0.377499 0.000000 0.000000 0.000000 1.000000
0.994511 0.101990 0.023376 0.818968 -0.102288 0.994683 0.011922 94.341484 -0.022035 -0.014248 0.999656 0.374429 0.000000 0.000000 0.000000 1.000000
0.994502 0.102048 0.023476 0.824193 -0.102343 0.994680 0.011745 94.342361 -0.022153 -0.014083 0.999655 0.371782 0.000000 0.000000 0.000000 1.000000
0.994491 0.102107 0.023715 0.830498 -0.102402 0.994676 0.011574 94.342133 -0.022407 -0.013939 0.999652 0.369392 0.000000 0.000000 0.000000 1.000000
0.994483 0.102116 0.024001 0.837323 -0.102411 0.994677 0.011412 94.341614 -0.022708 -0.013807 0.999647 0.367362 0.000000 0.000000 0.000000 1.000000
0.994481 0.102076 0.024244 0.844138 -0.102371 0.994682 0.011281 94.341202 -0.022964 -0.013701 0.999642 0.365973 0.000000 0.000000 0.000000 1.000000
0.994481 0.102036 0.024396 0.850716 -0.102332 0.994687 0.011210 94.340889 -0.023123 -0.013645 0.999640 0.365523 0.000000 0.000000 0.000000 1.000000
0.994480 0.102038 0.024452 0.856801 -0.102334 0.994687 0.011204 94.340790 -0.023179 -0.013645 0.999638 0.366119 0.000000 0.000000 0.000000 1.000000
0.994477 0.102067 0.024435 0.862444 -0.102364 0.994684 0.011239 94.341278 -0.023158 -0.013678 0.999638 0.367510 0.000000 0.000000 0.000000 1.000000
0.994478 0.102074 0.024390 0.867813 -0.102372 0.994682 0.011271 94.342659 -0.023110 -0.013705 0.999639 0.369166 0.000000 0.000000 0.000000 1.000000
0.994482 0.102035 0.024367 0.873143 -0.102332 0.994686 0.011267 94.344696 -0.023088 -0.013698 0.999640 0.370572 0.000000 0.000000 0.000000 1.000000
0.994488 0.101978 0.024394 0.878338 -0.102275 0.994693 0.011227 94.346573 -0.023120 -0.013660 0.999639 0.371457 0.000000 0.000000 0.000000 1.000000
0.994488 0.101953 0.024474 0.882973 -0.102249 0.994696 0.011180 94.347710 -0.023204 -0.013621 0.999638 0.371833 0.000000 0.000000 0.000000 1.000000
0.994482 0.101985 0.024608 0.886961 -0.102283 0.994693 0.011150 94.348129 -0.023340 -0.013605 0.999635 0.371946 0.000000 0.000000 0.000000 1.000000
0.994469 0.102058 0.024804 0.890988 -0.102357 0.994685 0.011127 94.348030 -0.023537 -0.013604 0.999630 0.372077 0.000000 0.000000 0.000000 1.000000
0.994455 0.102137 0.025050 0.895779 -0.102439 0.994677 0.011091 94.347717 -0.023783 -0.013596 0.999625 0.372281 0.000000 0.000000 0.000000 1.000000
0.994440 0.102220 0.025286 0.901189 -0.102525 0.994669 0.011058 94.347252 -0.024021 -0.013589 0.999619 0.372338 0.000000 0.000000 0.000000 1.000000
0.994425 0.102329 0.025442 0.906154 -0.102636 0.994657 0.011067 94.346687 -0.024173 -0.013617 0.999615 0.371997 0.000000 0.000000 0.000000 1.000000
0.994410 0.102466 0.025491 0.910079 -0.102775 0.994642 0.011129 94.345985 -0.024215 -0.013687 0.999613 0.371256 0.000000 0.000000 0.000000 1.000000
0.994396 0.102607 0.025478 0.913591 -0.102918 0.994627 0.011194 94.345200 -0.024192 -0.013753 0.999613 0.370380 0.000000 0.000000 0.000000 1.000000
0.994383 0.102726 0.025477 0.917728 -0.103037 0.994615 0.011196 94.344131 -0.024190 -0.013758 0.999613 0.369514 0.000000 0.000000 0.000000 1.000000
0.994370 0.102843 0.025541 0.923139 -0.103152 0.994603 0.011121 94.342674 -0.024259 -0.013693 0.999612 0.368467 0.000000 0.000000 0.000000 1.000000
0.994350 0.102999 0.025661 0.929881 -0.103308 0.994588 0.011015 94.341080 -0.024388 -0.013604 0.999610 0.366933 0.000000 0.000000 0.000000 1.000000
0.994326 0.103205 0.025768 0.937878 -0.103513 0.994568 0.010938 94.340126 -0.024499 -0.013543 0.999608 0.364956 0.000000 0.000000 0.000000 1.000000
0.994305 0.103405 0.025778 0.947021 -0.103713 0.994547 0.010918 94.340569 -0.024508 -0.013530 0.999608 0.363011 0.000000 0.000000 0.000000 1.000000
0.994296 0.103521 0.025666 0.957058 -0.103828 0.994535 0.010939 94.343048 -0.024393 -0.013541 0.999611 0.361588 0.000000 0.000000 0.000000 1.000000
0.994301 0.103512 0.025506 0.967690 -0.103818 0.994536 0.010955 94.346855 -0.024233 -0.013540 0.999615 0.360561 0.000000 0.000000 0.000000 1.000000
0.994313 0.103422 0.025419 0.978927 -0.103726 0.994546 0.010947 94.350822 -0.024148 -0.013521 0.999617 0.359216 0.000000 0.000000 0.000000 1.000000
0.994320 0.103337 0.025469 0.990713 -0.103641 0.994555 0.010940 94.353798 -0.024200 -0.013518 0.999616 0.356752 0.000000 0.000000 0.000000 1.000000
0.994319 0.103309 0.025619 1.002668 -0.103617 0.994557 0.010980 94.355858 -0.024345 -0.013572 0.999611 0.352807 0.000000 0.000000 0.000000 1.000000
0.994315 0.103314 0.025774 1.014211 -0.103626 0.994555 0.011080 94.358025 -0.024489 -0.013688 0.999606 0.347511 0.000000 0.000000 0.000000 1.000000
0.994315 0.103294 0.025864 1.025102 -0.103610 0.994555 0.011213 94.361328 -0.024565 -0.013829 0.999603 0.341124 0.000000 0.000000 0.000000 1.000000
0.994321 0.103229 0.025887 1.035280 -0.103549 0.994560 0.011335 94.365364 -0.024576 -0.013951 0.999601 0.333641 0.000000 0.000000 0.000000 1.000000
0.994327 0.103170 0.025893 1.044696 -0.103492 0.994565 0.011429 94.368446 -0.024573 -0.014044 0.999599 0.324777 0.000000 0.000000 0.000000 1.000000
0.994324 0.103184 0.025928 1.052930 -0.103509 0.994562 0.011511 94.369041 -0.024599 -0.014130 0.999598 0.314298 0.000000 0.000000 0.000000 1.000000
0.994312 0.103290 0.025993 1.059415 -0.103618 0.994549 0.011610 94.367325 -0.024653 -0.014238 0.999595 0.302451 0.000000 0.000000 0.000000 1.000000
0.994295 0.103439 0.026052 1.064174 -0.103771 0.994532 0.011739 94.364761 -0.024695 -0.014375 0.999592 0.290004 0.000000 0.000000 0.000000 1.000000
0.994281 0.103567 0.026060 1.067498 -0.103903 0.994516 0.011893 94.362747 -0.024686 -0.014533 0.999590 0.277821 0.000000 0.000000 0.000000 1.000000
0.994274 0.103650 0.026006 1.069194 -0.103989 0.994505 0.012063 94.361664 -0.024612 -0.014699 0.999589 0.266256 0.000000 0.000000 0.000000 1.000000
0.994269 0.103716 0.025916 1.068486 -0.104059 0.994496 0.012243 94.360916 -0.024504 -0.014870 0.999589 0.254849 0.000000 0.000000 0.000000 1.000000
0.994262 0.103803 0.025853 1.064564 -0.104150 0.994484 0.012416 94.359726 -0.024422 -0.015038 0.999589 0.242648 0.000000 0.000000 0.000000 1.000000
0.994248 0.103922 0.025890 1.057669 -0.104272 0.994470 0.012556 94.357643 -0.024442 -0.015184 0.999586 0.228888 0.000000 0.000000 0.000000 1.000000
0.994230 0.104052 0.026069 1.049060 -0.104408 0.994454 0.012651 94.354973 -0.024608 -0.015300 0.999580 0.213516 0.000000 0.000000 0.000000 1.000000
0.994211 0.104164 0.026355 1.039921 -0.104526 0.994441 0.012727 94.352180 -0.024883 -0.015408 0.999572 0.197130 0.000000 0.000000 0.000000 1.000000
0.994197 0.104224 0.026636 1.030546 -0.104593 0.994432 0.012836 94.349701 -0.025150 -0.015547 0.999563 0.180537 0.000000 0.000000 0.000000 1.000000
0.994194 0.104211 0.026812 1.020442 -0.104586 0.994431 0.013002 94.347733 -0.025308 -0.015731 0.999556 0.164310 0.000000 0.000000 0.000000 1.000000
0.994201 0.104121 0.026881 1.009191 -0.104503 0.994437 0.013205 94.345924 -0.025357 -0.015937 0.999551 0.148724 0.000000 0.000000 0.000000 1.000000
0.994215 0.103971 0.026942 0.996659 -0.104359 0.994449 0.013405 94.343834 -0.025399 -0.016139 0.999547 0.133934 0.000000 0.000000 0.000000 1.000000
0.994230 0.103792 0.027097 0.982829 -0.104187 0.994465 0.013589 94.341034 -0.025536 -0.016334 0.999540 0.120249 0.000000 0.000000 0.000000 1.000000
0.994241 0.103617 0.027360 0.967243 -0.104021 0.994480 0.013773 94.337631 -0.025782 -0.016539 0.999531 0.108328 0.000000 0.000000 0.000000 1.000000
0.994248 0.103466 0.027663 0.949310 -0.103880 0.994492 0.013981 94.334183 -0.026064 -0.016774 0.999520 0.099132 0.000000 0.000000 0.000000 1.000000
0.994255 0.103332 0.027927 0.928882 -0.103758 0.994501 0.014226 94.331711 -0.026303 -0.017042 0.999509 0.093501 0.000000 0.000000 0.000000 1.000000
0.994263 0.103205 0.028118 0.906509 -0.103641 0.994509 0.014514 94.330879 -0.026466 -0.017345 0.999499 0.091574 0.000000 0.000000 0.000000 1.000000
0.994273 0.103070 0.028240 0.883253 -0.103517 0.994517 0.014842 94.331413 -0.026555 -0.017680 0.999491 0.092476 0.000000 0.000000 0.000000 1.000000
0.994286 0.102931 0.028290 0.860070 -0.103388 0.994525 0.015188 94.332184 -0.026572 -0.018026 0.999484 0.094621 0.000000 0.000000 0.000000 1.000000
0.994302 0.102791 0.028255 0.837863 -0.103255 0.994534 0.015495 94.331787 -0.026508 -0.018324 0.999481 0.096441 0.000000 0.000000 0.000000 1.000000
0.994320 0.102646 0.028122 0.817260 -0.103113 0.994546 0.015702 94.330124 -0.026357 -0.018512 0.999481 0.097083 0.000000 0.000000 0.000000 1.000000
0.994344 0.102480 0.027896 0.798382 -0.102945 0.994562 0.015789 94.328423 -0.026127 -0.018572 0.999486 0.096499 0.000000 0.000000 0.000000 1.000000
0.994373 0.102279 0.027601 0.780843 -0.102739 0.994583 0.015804 94.327957 -0.025835 -0.018551 0.999494 0.094971 0.000000 0.000000 0.000000 1.000000
0.994406 0.102043 0.027268 0.764025 -0.102498 0.994608 0.015807 94.328491 -0.025508 -0.018514 0.999503 0.092576 0.000000 0.000000 0.000000 1.000000
0.994440 0.101805 0.026938 0.747940 -0.102253 0.994633 0.015809 94.328377 -0.025184 -0.018476 0.999512 0.089179 0.000000 0.000000 0.000000 1.000000
0.994468 0.101603 0.026649 0.732952 -0.102045 0.994655 0.015769 94.326401 -0.024904 -0.018401 0.999520 0.084787 0.000000 0.000000 0.000000 1.000000
0.994490 0.101444 0.026420 0.719146 -0.101878 0.994674 0.015652 94.323402 -0.024691 -0.018257 0.999528 0.079911 0.000000 0.000000 0.000000 1.000000
0.994512 0.101272 0.026249 0.705935 -0.101699 0.994695 0.015467 94.321533 -0.024543 -0.018052 0.999536 0.075589 0.000000 0.000000 0.000000 1.000000
0.994542 0.101016 0.026126 0.692493 -0.101435 0.994725 0.015245 94.322403 -0.024448 -0.017812 0.999542 0.073085 0.000000 0.000000 0.000000 1.000000
0.994581 0.100648 0.026057 0.678276 -0.101060 0.994767 0.015012 94.325729 -0.024410 -0.017564 0.999548 0.073326 0.000000 0.000000 0.000000 1.000000
0.994624 0.100216 0.026081 0.663136 -0.100623 0.994815 0.014792 94.330002 -0.024463 -0.017337 0.999550 0.076561 0.000000 0.000000 0.000000 1.000000
0.994661 0.099804 0.026249 0.647227 -0.100210 0.994859 0.014619 94.333641 -0.024655 -0.017172 0.999549 0.082437 0.000000 0.000000 0.000000 1.000000
0.994685 0.099473 0.026584 0.630530 -0.099882 0.994893 0.014530 94.336060 -0.025003 -0.017108 0.999541 0.090294 0.000000 0.000000 0.000000 1.000000
0.994696 0.099246 0.027033 0.612892 -0.099663 0.994915 0.014536 94.337265 -0.025453 -0.017153 0.999529 0.099363 0.000000 0.000000 0.000000 1.000000
0.994697 0.099105 0.027480 0.594250 -0.099532 0.994927 0.014615 94.337509 -0.025892 -0.017273 0.999516 0.108841 0.000000 0.000000 0.000000 1.000000
0.994698 0.099016 0.027794 0.575085 -0.099451 0.994933 0.014725 94.336990 -0.026195 -0.017411 0.999505 0.118026 0.000000 0.000000 0.000000 1.000000
0.994702 0.098945 0.027895 0.556358 -0.099385 0.994939 0.014825 94.335770 -0.026287 -0.017519 0.999501 0.126468 0.000000 0.000000 0.000000 1.000000
0.994712 0.098880 0.027778 0.538930 -0.099320 0.994944 0.014917 94.334122 -0.026162 -0.017597 0.999503 0.133911 0.000000 0.000000 0.000000 1.000000
0.994725 0.098820 0.027506 0.522708 -0.099258 0.994948 0.015044 94.332672 -0.025880 -0.017695 0.999508 0.140042 0.000000 0.000000 0.000000 1.000000
0.994740 0.098756 0.027181 0.507161 -0.099193 0.994951 0.015242 94.332291 -0.025539 -0.017858 0.999514 0.144525 0.000000 0.000000 0.000000 1.000000
0.994757 0.098666 0.026903 0.492524 -0.099104 0.994957 0.015473 94.333344 -0.025241 -0.018058 0.999518 0.147348 0.000000 0.000000 0.000000 1.000000
0.994775 0.098530 0.026720 0.479654 -0.098969 0.994968 0.015642 94.335075 -0.025045 -0.018205 0.999521 0.148865 0.000000 0.000000 0.000000 1.000000
0.994794 0.098369 0.026612 0.469163 -0.098807 0.994983 0.015693 94.335976 -0.024934 -0.018241 0.999523 0.149403 0.000000 0.000000 0.000000 1.000000
0.994809 0.098235 0.026538 0.460640 -0.098672 0.994997 0.015664 94.334808 -0.024866 -0.018201 0.999525 0.148843 0.000000 0.000000 0.000000 1.000000
0.994816 0.098178 0.026506 0.453159 -0.098613 0.995003 0.015634 94.331795 -0.024839 -0.018167 0.999526 0.146789 0.000000 0.000000 0.000000 1.000000
0.994811 0.098206 0.026576 0.446531 -0.098643 0.995000 0.015638 94.328392 -0.024907 -0.018178 0.999524 0.143110 0.000000 0.000000 0.000000 1.000000
0.994798 0.098289 0.026776 0.441277 -0.098730 0.994991 0.015650 94.325668 -0.025103 -0.018212 0.999519 0.138150 0.000000 0.000000 0.000000 1.000000
0.994780 0.098391 0.027044 0.437965 -0.098836 0.994981 0.015639 94.323418 -0.025370 -0.018230 0.999512 0.132434 0.000000 0.000000 0.000000 1.000000
0.994764 0.098491 0.027262 0.436283 -0.098939 0.994971 0.015601 94.320755 -0.025588 -0.018216 0.999507 0.126078 0.000000 0.000000 0.000000 1.000000
0.994754 0.098572 0.027347 0.435626 -0.099020 0.994964 0.015544 94.317451 -0.025677 -0.018170 0.999505 0.118506 0.000000 0.000000 0.000000 1.000000
0.994751 0.098612 0.027312 0.435490 -0.099057 0.994962 0.015466 94.314827 -0.025650 -0.018091 0.999507 0.108854 0.000000 0.000000 0.000000 1.000000
0.994756 0.098588 0.027233 0.435792 -0.099029 0.994966 0.015366 94.314713 -0.025581 -0.017983 0.999511 0.096841 0.000000 0.000000 0.000000 1.000000
0.994765 0.098517 0.027161 0.436478 -0.098954 0.994975 0.015259 94.317001 -0.025522 -0.017866 0.999515 0.083219 0.000000 0.000000 0.000000 1.000000
0.994773 0.098454 0.027092 0.437500 -0.098888 0.994983 0.015168 94.319504 -0.025463 -0.017768 0.999518 0.069357 0.000000 0.000000 0.000000 1.000000
0.994776 0.098449 0.026998 0.438857 -0.098880 0.994985 0.015112 94.319931 -0.025374 -0.017703 0.999521 0.056352 0.000000 0.000000 0.000000 1.000000
0.994774 0.098499 0.026891 0.440567 -0.098927 0.994980 0.015088 94.317650 -0.025270 -0.017669 0.999524 0.044691 0.000000 0.000000 0.000000 1.000000
0.994768 0.098572 0.026832 0.442645 -0.098999 0.994973 0.015090 94.313644 -0.025209 -0.017667 0.999526 0.034664 0.000000 0.000000 0.000000 1.000000
0.994759 0.098658 0.026861 0.445044 -0.099087 0.994964 0.015136 94.309006 -0.025232 -0.017719 0.999525 0.026790 0.000000 0.000000 0.000000 1.000000
0.994744 0.098785 0.026955 0.447933 -0.099219 0.994948 0.015270 94.304298 -0.025311 -0.017864 0.999520 0.021608 0.000000 0.000000 0.000000 1.000000
0.994723 0.098963 0.027045 0.451297 -0.099406 0.994926 0.015523 94.300270 -0.025372 -0.018130 0.999514 0.019226 0.000000 0.000000 0.000000 1.000000
0.994705 0.099143 0.027079 0.455012 -0.099595 0.994901 0.015870 94.298302 -0.025368 -0.018483 0.999507 0.019207 0.000000 0.000000 0.000000 1.000000
0.994696 0.099237 0.027059 0.458967 -0.099697 0.994886 0.016220 94.299225 -0.025311 -0.018832 0.999502 0.020875 0.000000 0.000000 0.000000 1.000000
0.994700 0.099205 0.027022 0.463215 -0.099671 0.994884 0.016475 94.302422 -0.025250 -0.019081 0.999499 0.023477 0.000000 0.000000 0.000000 1.000000
0.994710 0.099102 0.027017 0.468166 -0.099571 0.994892 0.016604 94.305511 -0.025234 -0.019206 0.999497 0.025984 0.000000 0.000000 0.000000 1.000000
0.994715 0.099037 0.027082 0.474410 -0.099509 0.994897 0.016646 94.306541 -0.025295 -0.019253 0.999495 0.027184 0.000000 0.000000 0.000000 1.000000
0.994709 0.099064 0.027223 0.482309 -0.099538 0.994894 0.016656 94.305367 -0.025434 -0.019278 0.999491 0.026272 0.000000 0.000000 0.000000 1.000000
0.994696 0.099139 0.027394 0.491688 -0.099617 0.994886 0.016663 94.303741 -0.025602 -0.019303 0.999486 0.023387 0.000000 0.000000 0.000000 1.000000
0.994688 0.099192 0.027515 0.501878 -0.099672 0.994881 0.016671 94.303299 -0.025721 -0.019325 0.999482 0.019453 0.000000 0.000000 0.000000 1.000000
0.994686 0.099200 0.027539 0.512280 -0.099681 0.994880 0.016687 94.304070 -0.025743 -0.019343 0.999481 0.015355 0.000000 0.000000 0.000000 1.000000
0.994688 0.099197 0.027494 0.522629 -0.099679 0.994879 0.016723 94.304939 -0.025694 -0.019375 0.999482 0.011350 0.000000 0.000000 0.000000 1.000000
0.994687 0.099217 0.027463 0.532974 -0.099700 0.994876 0.016785 94.305008 -0.025657 -0.019434 0.999482 0.007165 0.000000 0.000000 0.000000 1.000000
0.994681 0.099263 0.027516 0.543339 -0.099748 0.994870 0.016861 94.304352 -0.025701 -0.019516 0.999479 0.002512 0.000000 0.000000 0.000000 1.000000
0.994671 0.099325 0.027655 0.553472 -0.099815 0.994862 0.016935 94.303429 -0.025831 -0.019605 0.999474 -0.002581 0.000000 0.000000 0.000000 1.000000
0.994658 0.099408 0.027825 0.563007 -0.099903 0.994852 0.016994 94.302536 -0.025992 -0.019683 0.999468 -0.007763 0.000000 0.000000 0.000000 1.000000
0.994643 0.099517 0.027963 0.571678 -0.100015 0.994840 0.017032 94.301926 -0.026123 -0.019738 0.999464 -0.012531 0.000000 0.000000 0.000000 1.000000
0.994628 0.099638 0.028049 0.579488 -0.100138 0.994827 0.017048 94.302094 -0.026205 -0.019765 0.999461 -0.016474 0.000000 0.000000 0.000000 1.000000
0.994615 0.099756 0.028106 0.586909 -0.100258 0.994815 0.017053 94.302994 -0.026260 -0.019779 0.999459 -0.019414 0.000000 0.000000 0.000000 1.000000
0.994601 0.099877 0.028167 0.594355 -0.100380 0.994803 0.017071 94.303879 -0.026316 -0.019806 0.999457 -0.021346 0.000000 0.000000 0.000000 1.000000
0.994585 0.100018 0.028235 0.601783 -0.100524 0.994787 0.017121 94.303925 -0.026376 -0.019867 0.999455 -0.022294 0.000000 0.000000 0.000000 1.000000
0.994569 0.100163 0.028284 0.608634 -0.100673 0.994771 0.017203 94.302979 -0.026413 -0.019957 0.999452 -0.022348 0.000000 0.000000 0.000000 1.000000
0.994557 0.100280 0.028283 0.614200 -0.100792 0.994757 0.017295 94.301750 -0.026401 -0.020051 0.999450 -0.021742 0.000000 0.000000 0.000000 1.000000
0.994551 0.100356 0.028228 0.618448 -0.100869 0.994748 0.017374 94.300591 -0.026336 -0.020127 0.999451 -0.020785 0.000000 0.000000 0.000000 1.000000
0.994545 0.100437 0.028148 0.621975 -0.100950 0.994739 0.017430 94.299255 -0.026250 -0.020177 0.999452 -0.019643 0.000000 0.000000 0.000000 1.000000
0.994532 0.100581 0.028091 0.625463 -0.101094 0.994724 0.017467 94.297218 -0.026186 -0.020211 0.999453 -0.018384 0.000000 0.000000 0.000000 1.000000
0.994511 0.100791 0.028073 0.629212 -0.101305 0.994702 0.017494 94.294823 -0.026161 -0.020242 0.999453 -0.017187 0.000000 0.000000 0.000000 1.000000
0.994491 0.100996 0.028060 0.633068 -0.101509 0.994681 0.017503 94.293121 -0.026143 -0.020255 0.999453 -0.016327 0.000000 0.000000 0.000000 1.000000
0.994481 0.101112 0.027995 0.637188 -0.101623 0.994670 0.017458 94.292953 -0.026081 -0.020207 0.999456 -0.015829 0.000000 0.000000 0.000000 1.000000
0.994485 0.101113 0.027851 0.641904 -0.101618 0.994673 0.017324 94.293900 -0.025951 -0.020059 0.999462 -0.015365 0.000000 0.000000 0.000000 1.000000
0.994498 0.101040 0.027651 0.647349 -0.101535 0.994685 0.017115 94.294884 -0.025775 -0.019829 0.999471 -0.014638 0.000000 0.000000 0.000000 1.000000
0.994512 0.100957 0.027447 0.653001 -0.101442 0.994698 0.016900 94.295532 -0.025595 -0.019591 0.999480 -0.013774 0.000000 0.000000 0.000000 1.000000
0.994522 0.100900 0.027284 0.658171 -0.101378 0.994707 0.016740 94.296265 -0.025450 -0.019414 0.999488 -0.013158 0.000000 0.000000 0.000000 1.000000
0.994528 0.100875 0.027182 0.662580 -0.101348 0.994712 0.016633 94.297409 -0.025361 -0.019297 0.999492 -0.012856 0.000000 0.000000 0.000000 1.000000
0.994529 0.100873 0.027131 0.666303 -0.101343 0.994714 0.016532 94.298538 -0.025320 -0.019191 0.999495 -0.012359 0.000000 0.000000 0.000000 1.000000
0.994530 0.100882 0.027088 0.669389 -0.101347 0.994716 0.016402 94.299026 -0.025290 -0.019058 0.999498 -0.010984 0.000000 0.000000 0.000000 1.000000
0.994532 0.100880 0.027016 0.671721 -0.101340 0.994719 0.016250 94.299019 -0.025234 -0.018899 0.999503 -0.008382 0.000000 0.000000 0.000000 1.000000
0.994538 0.100847 0.026925 0.673405 -0.101301 0.994726 0.016091 94.299568 -0.025160 -0.018731 0.999508 -0.004654 0.000000 0.000000 0.000000 1.000000
0.994545 0.100789 0.026870 0.674880 -0.101238 0.994735 0.015931 94.301247 -0.025122 -0.018564 0.999512 -0.000004 0.000000 0.000000 0.000000 1.000000
